0 2
109 25
232 41
349 72
430 140
497 218
564 294
621 371
625 455
640 560
656 671
673 776
696 878
706 985
687 991
653 999
690 990
750 969
781 954
810 938
815 935
814 936
808 939
788 951
772 959
768 961
756 966
740 858
713 755
668 663
630 572
609 480
605 382
580 285
546 188
470 112
406 160
352 222
317 289
298 352
292 421
301 493
311 524
315 534
318 541
320 546
322 550
328 561
345 588
366 615
393 641
424 664
467 685
525 699
588 697
616 690
601 694
561 700
520 698
505 696
490 692
471 687
461 683
449 677
444 675
443 674
440 673
429 667
422 662
418 660
403 649
391 639
386 635
384 633
379 629
350 595
319 542
295 464
294 373
302 335
312 302
341 240
376 192
425 143
472 111
474 110
486 103
500 96
524 85
538 80
547 77
554 75
555 74
558 73
565 71
573 69
586 66
595 64
607 62
689 55
715 57
749 61
780 67
812 76
821 79
839 86
855 92
862 95
870 99
871 100
873 101
876 102
885 107
889 109
901 115
910 121
937 139
944 144
947 146
958 155
978 171
989 182
995 187
981 174
957 153
909 120
852 91
790 70
701 56
602 63
514 90
445 129
360 212
307 316
293 441
214 558
134 636
58 715
13 838
72 909
131 963
147 976
145 975
142 972
136 967
122 956
105 941
89 926
74 910
60 896
46 880
27 857
11 836
14 839
17 844
35 867
61 897
91 927
125 958
150 978
171 994
178 998
174 996
158 984
137 968
114 949
79 916
50 884
18 845
1 822
78 749
164 689
250 631
368 618
485 584
603 591
718 606
811 643
897 701
993 740
991 745
988 750
975 774
966 788
954 806
940 825
913 855
900 869
879 888
854 908
877 890
893 876
906 863
919 849
938 827
941 824
945 818
953 808
956 804
964 791
972 779
881 728
789 682
716 610
648 543
579 517
506 476
396 444
296 363
204 299
119 223
36 152
65 94
107 29
181 106
262 172
340 242
416 317
493 436
545 513
596 594
631 684
671 777
723 748
763 713
792 678
823 614
833 559
825 484
801 433
776 403
752 383
736 374
717 366
694 361
637 365
582 411
496 454
410 497
310 521
213 555
123 611
29 657
57 714
94 772
127 813
159 848
194 879
222 902
255 924
288 943
314 957
333 965
347 971
355 974
361 977
369 979
377 982
382 983
371 980
353 973
321 960
289 944
256 925
220 900
183 871
132 820
87 763
55 711
38 676
25 646
24 644
22 638
19 630
15 619
5 589
16 624
28 654
43 688
68 734
101 781
139 828
180 868
210 893
245 917
263 929
286 942
282 940
272 934
261 928
249 920
230 907
208 891
185 872
161 850
141 829
121 807
103 784
90 767
81 753
70 736
67 731
64 726
69 735
207 747
351 739
502 695
682 652
822 617
929 608
926 623
911 670
891 712
858 762
816 805
751 852
685 882
622 899
553 906
483 901
450 895
438 892
419 886
381 873
339 853
281 816
223 765
166 693
120 604
95 522
84 415
88 353
97 298
111 246
129 200
149 157
168 125
173 118
169 123
163 133
156 145
143 170
130 198
118 227
124 210
133 190
154 149
179 108
196 84
209 68
224 50
240 32
258 14
270 3
269 4
259 13
254 18
246 26
244 28
239 33
235 38
229 44
211 65
186 98
162 135
135 185
115 235
96 301
86 367
189 429
300 488
427 529
466 571
489 586
517 597
523 598
544 602
591 596
599 593
619 581
624 578
629 574
635 567
643 554
647 544
651 526
649 511
644 499
632 486
614 475
600 478
593 474
592 473
633 449
676 446
686 450
698 458
708 467
719 481
726 494
734 525
732 568
727 587
721 600
710 621
684 650
678 656
674 658
681 653
704 628
720 603
730 577
735 551
728 501
722 487
712 472
702 461
700 459
697 457
688 451
679 447
672 445
650 443
627 453
620 460
615 470
613 483
612 490
611 492
610 495
590 514
557 516
552 515
540 510
537 509
531 505
530 504
528 502
521 496
507 477
499 462
495 448
492 414
504 364
508 357
509 355
511 350
513 347
516 343
519 338
535 319
539 315
549 306
562 296
568 292
578 286
587 281
589 280
604 274
606 273
618 269
634 265
639 264
654 262
669 261
724 266
766 278
807 300
840 325
864 349
886 378
903 408
921 452
932 503
933 582
922 637
894 708
851 769
783 831
745 856
707 874
683 883
677 885
664 889
628 898
597 903
581 904
527 905
448 894
392 877
337 851
275 812
202 741
153 672
110 575
98 535
106 563
116 592
138 645
151 669
165 691
177 709
195 733
216 757
248 789
273 810
280 815
306 833
329 847
354 860
356 861
357 862
362 864
374 870
388 875
363 865
327 846
274 811
234 775
203 742
172 702
266 655
358 605
442 549
522 498
576 442
608 379
660 360
703 362
725 369
738 375
748 381
753 384
759 389
762 391
765 393
767 395
770 397
774 401
778 404
785 412
793 422
794 423
796 425
797 427
800 431
804 437
817 463
830 507
832 565
829 590
827 599
824 609
820 620
809 648
799 666
786 686
769 707
755 721
737 737
711 756
691 768
670 778
636 790
585 800
571 801
532 802
501 799
469 793
436 783
387 761
336 727
308 703
276 668
257 642
247 626
252 634
260 647
271 661
285 679
309 704
334 725
370 751
411 773
446 786
478 795
494 798
491 797
487 796
476 794
465 792
433 782
404 770
383 759
375 754
359 744
342 732
331 724
330 722
326 720
325 719
323 717
316 710
417 659
536 601
642 556
731 508
819 468
802 434
773 400
666 359
550 305
456 256
346 231
217 258
100 284
198 324
299 345
402 354
408 336
413 323
412 327
409 334
305 322
201 309
206 290
212 272
221 250
225 239
226 238
227 236
228 233
231 226
237 215
242 204
251 189
268 162
277 150
279 147
283 142
284 141
291 131
304 117
332 87
343 78
365 59
367 58
372 53
378 49
390 40
415 24
437 12
451 5
462 0
459 1
455 122
498 217
542 312
584 406
645 500
714 613
754 723
795 823
846 915
915 993
943 970
970 946
985 931
996 919
998 918
992 923
986 930
979 937
971 945
968 948
965 950
960 955
951 964
887 881
818 803
760 716
705 627
646 547
617 466
594 392
534 320
452 260
364 206
278 148
193 89
108 27
112 22
113 21
102 36
85 60
71 83
66 93
63 97
59 105
54 114
53 116
52 119
48 126
47 128
45 132
42 138
34 156
33 158
31 163
30 164
23 183
9 224
7 229
6 232
2 247
104 271
205 295
303 328
397 377
394 426
399 465
400 469
401 471
405 485
414 506
423 523
426 528
428 530
431 536
432 537
434 539
435 540
441 548
454 562
464 570
473 576
479 580
484 583
488 585
477 579
468 573
457 564
439 545
421 519
407 491
395 439
398 372
420 308
453 259
458 254
460 252
475 237
482 230
510 209
512 207
518 203
526 199
533 195
541 191
551 186
566 180
567 179
574 177
598 169
638 161
667 159
744 165
791 178
831 196
872 220
916 255
946 287
962 307
984 341
999 368
990 351
987 346
983 339
977 330
959 304
950 291
939 279
924 263
912 251
904 244
892 234
866 216
853 208
844 202
835 197
826 193
805 184
784 176
746 166
758 168
782 175
798 181
842 201
896 113
942 19
934 15
927 11
923 9
920 8
918 7
917 6
925 10
936 16
948 23
961 30
963 31
967 34
969 35
976 39
982 43
994 51
980 42
931 134
884 228
848 332
771 398
695 456
577 518
463 569
373 622
287 681
219 760
148 837
77 913
12 997
10 995
8 992
4 989
3 988
75 912
152 842
192 729
236 607
200 512
188 418
190 380
199 318
218 257
238 213
265 167
297 124
338 82
380 47
447 127
503 214
543 311
583 409
623 482
641 557
665 665
693 766
739 859
747 854
779 835
806 814
837 785
850 771
861 758
865 752
869 746
875 738
888 718
895 706
907 680
928 616
935 553
930 489
914 432
908 417
905 413
902 407
898 399
890 385
880 370
863 348
841 326
813 303
787 288
775 282
764 277
757 275
743 270
729 267
733 268
761 276
777 283
803 297
828 314
836 321
845 329
847 331
849 333
856 340
857 342
859 344
