1 -2
2 -8
3 -16
-3 -22
-9 -22
-8 -27
-9 -33
-9 -38
-13 -43
-24 -43
-31 -50
-38 -56
-41 -60
-50 -60
-56 -70
-67 -73
-74 -79
-86 -91
-95 -97
-109 -112
-127 -122
-139 -130
-156 -139
-169 -146
-189 -153
-210 -167
-227 -171
-246 -179
-262 -190
-281 -204
-298 -219
-316 -229
-335 -243
-353 -257
-373 -265
-394 -277
-421 -293
-442 -300
-469 -317
-497 -328
-521 -340
-546 -350
-570 -361
-592 -369
-615 -377
-631 -388
-661 -403
-705 -420
-755 -440
-805 -459
-854 -478
-890 -495
-921 -514
-948 -542
-975 -562
-1000 -579
-1018 -598
-1038 -606
-1055 -607
-1069 -610
-1084 -603
-1095 -602
-1106 -603
-1107 -600
-1114 -598
-1113 -596
-1109 -580
-1117 -568
-1134 -560
-1157 -548
-1189 -535
-1212 -537
-1242 -531
-1272 -526
-1258 -522
-1228 -536
-1201 -535
-1171 -544
-1145 -551
-1128 -560
-1119 -562
-1112 -574
-1106 -587
-1101 -600
-1096 -604
-1090 -604
-1078 -603
-1060 -606
-1048 -609
-1030 -605
-1014 -590
-990 -572
-963 -549
-938 -528
-905 -501
-870 -482
-831 -470
-780 -452
-727 -429
-684 -405
