38 4
28 16
26 18
24 20
19 26
18 29
16 31
14 33
12 36
3 50
103 86
193 136
255 206
377 303
486 402
581 445
674 497
766 550
849 624
922 714
879 786
825 857
792 894
752 934
743 941
737 947
732 951
730 953
727 955
726 956
723 959
715 965
708 970
704 973
701 976
685 988
675 994
672 997
669 999
677 993
702 975
724 958
745 939
777 910
805 881
806 880
810 875
812 873
815 870
817 867
821 863
827 856
843 836
863 809
882 782
894 763
904 747
913 731
920 717
915 726
909 737
908 740
907 741
905 744
901 751
896 760
887 775
878 787
876 790
888 773
900 754
912 733
930 698
947 660
959 630
971 598
980 566
987 539
989 529
990 528
985 549
977 577
970 600
962 622
957 635
955 642
950 655
949 656
958 634
973 589
983 555
991 522
999 476
998 482
889 498
779 510
658 541
532 556
422 662
353 807
283 928
271 929
312 923
347 916
401 901
445 884
485 866
516 848
555 824
595 792
557 687
517 576
441 506
369 435
304 361
262 299
232 253
242 221
252 209
254 207
258 203
284 187
308 180
340 178
348 179
371 184
394 194
420 211
432 222
435 225
438 228
442 233
446 237
447 239
461 258
473 282
489 356
488 390
481 424
462 472
430 520
429 521
428 523
421 531
418 534
414 537
390 559
370 573
360 579
357 581
355 582
327 596
285 611
181 620
135 614
89 601
59 588
35 575
25 569
15 563
7 558
1 553
23 568
43 580
76 595
111 608
139 615
195 621
282 612
335 592
378 567
413 538
452 490
580 451
694 385
797 325
892 248
981 172
979 165
974 148
982 174
992 214
994 226
995 232
997 240
1000 263
891 245
784 241
673 234
666 213
659 197
652 183
643 166
640 161
651 181
660 200
680 254
693 324
692 413
686 454
676 492
664 526
647 564
624 604
593 647
552 691
508 729
451 766
389 794
320 815
203 829
127 823
86 816
62 810
45 805
42 804
31 800
10 793
37 802
67 811
115 821
182 828
256 826
336 812
398 791
453 765
495 738
536 706
573 670
598 641
621 609
635 585
649 561
653 552
642 574
632 591
623 605
616 616
609 627
600 639
596 643
594 646
578 665
561 683
541 702
513 725
480 749
448 767
412 785
376 799
356 806
344 700
325 597
311 491
292 384
298 315
337 267
424 215
506 153
574 76
558 62
546 52
531 41
525 37
514 30
501 22
483 13
476 9
482 12
505 24
528 38
565 68
602 106
612 118
622 131
639 158
654 186
668 219
678 250
688 290
695 378
681 473
655 546
633 590
601 637
569 675
534 708
497 736
463 759
443 770
426 779
395 678
352 584
315 488
275 401
305 330
368 291
454 247
539 193
620 129
703 67
788 7
791 10
793 14
735 117
670 223
590 339
575 469
526 565
470 626
415 666
361 694
301 713
231 724
168 723
114 715
55 699
32 689
20 684
2 676
0 674
9 679
22 685
34 690
48 696
251 722
468 756
613 777
614 776
617 774
630 762
638 753
646 745
662 727
690 692
718 651
744 603
768 544
780 505
789 467
796 422
799 360
794 293
781 231
773 204
756 159
741 128
717 87
691 51
663 19
648 3
650 5
667 23
682 40
684 43
689 49
696 58
711 77
731 110
749 143
757 162
775 212
786 251
798 351
795 430
783 494
764 557
742 606
716 653
687 697
661 728
641 750
627 764
605 784
582 803
560 820
537 835
499 858
464 876
433 889
405 900
425 892
444 885
471 872
496 860
523 844
544 831
530 840
511 851
493 861
475 752
459 636
458 481
487 335
543 199
608 113
559 63
507 25
457 1
379 84
290 185
234 242
186 323
159 411
131 507
130 613
134 719
122 822
84 922
44 913
8 903
6 902
21 907
41 912
64 918
110 926
147 931
170 932
204 933
261 930
331 920
392 904
449 883
504 855
562 818
610 780
644 746
671 716
699 680
729 631
748 594
762 560
767 547
771 536
778 514
769 542
758 570
746 599
740 610
734 623
728 633
725 638
719 649
713 659
707 667
700 677
698 681
710 663
722 644
733 625
637 583
542 540
465 466
387 392
299 316
250 294
235 274
236 275
238 280
241 285
248 292
270 296
279 301
288 305
289 306
286 304
281 302
269 307
266 314
263 319
253 329
245 333
237 336
244 334
249 331
264 318
272 300
277 278
278 277
287 269
306 262
328 264
330 265
334 266
349 273
362 284
373 298
385 321
391 354
388 389
374 426
354 455
338 471
321 485
317 487
318 486
326 480
333 475
339 470
345 465
351 458
359 448
367 437
366 438
358 450
350 459
341 468
329 479
314 489
291 501
274 508
257 513
206 519
162 515
136 509
119 502
102 495
99 493
104 496
120 503
146 511
171 517
177 518
167 516
124 504
82 484
49 460
46 457
39 452
36 449
30 442
29 441
27 439
17 428
13 423
85 352
156 283
259 202
386 190
515 163
634 151
750 147
854 122
952 88
938 56
924 27
910 2
918 17
931 42
937 53
939 59
942 64
945 70
948 78
860 138
770 196
679 252
588 409
535 551
529 712
510 852
491 978
478 984
472 986
484 981
512 969
545 952
571 938
607 914
645 886
683 854
714 825
739 797
763 769
787 735
809 701
828 668
832 661
834 657
840 645
846 632
838 648
830 664
808 703
782 743
761 771
747 788
736 801
720 819
738 798
755 778
772 757
790 732
813 695
833 658
852 618
867 578
880 535
869 572
847 629
818 686
785 739
751 783
712 827
665 871
631 897
604 917
592 924
597 921
619 906
657 877
705 834
753 781
803 711
835 654
864 586
886 512
899 440
903 365
898 288
885 218
875 182
866 155
865 152
862 142
859 135
856 127
844 101
829 72
820 55
814 45
816 48
819 54
822 60
826 66
841 94
857 132
881 201
902 326
893 478
872 562
842 640
807 704
760 772
706 833
656 878
606 915
563 942
527 961
500 974
466 989
434 1000
416 896
403 789
406 672
402 548
381 410
365 287
380 188
407 92
417 95
419 96
427 100
439 105
450 111
455 114
456 115
436 104
410 93
384 85
372 83
310 81
265 91
239 102
222 112
205 125
188 141
175 157
192 137
209 121
228 108
247 98
246 99
230 107
216 116
198 130
184 145
173 160
164 175
155 195
152 205
148 236
149 256
151 268
153 276
154 279
157 286
174 312
179 317
202 332
224 337
302 366
383 407
474 446
551 525
625 602
697 682
774 755
837 843
895 937
884 949
874 960
873 962
871 963
868 966
858 977
848 987
836 998
839 996
855 980
870 964
883 950
897 935
911 919
919 909
926 899
928 898
929 895
932 891
934 890
935 888
941 879
946 874
953 864
956 859
961 853
963 849
965 846
966 845
967 842
968 841
976 830
986 813
996 795
984 817
969 839
954 862
936 887
917 911
890 943
988 990
993 983
877 957
759 927
636 893
518 847
460 761
404 673
346 587
296 499
243 417
191 420
165 414
143 404
123 391
105 375
88 355
68 322
52 270
53 198
58 176
66 149
74 133
81 119
91 103
101 89
113 74
126 61
141 47
144 44
150 39
158 34
160 32
176 21
187 15
200 8
220 0
194 11
166 28
142 46
121 65
118 69
116 71
112 75
109 79
108 80
106 82
100 90
95 97
87 109
80 120
79 123
78 124
77 126
73 134
69 144
65 154
61 164
60 169
57 177
54 191
50 229
51 261
56 289
63 310
71 327
83 349
90 359
93 362
94 363
97 367
98 368
107 377
117 386
125 393
128 394
129 395
132 397
133 398
145 405
161 412
169 415
172 416
183 418
207 421
233 419
268 406
276 400
293 383
294 381
295 380
297 376
300 372
303 364
307 346
382 313
469 272
567 244
566 243
564 238
556 220
554 217
553 216
550 210
538 192
524 173
522 170
519 167
509 156
498 146
490 139
492 140
502 150
520 168
548 208
568 246
583 295
584 297
586 309
587 311
589 328
591 344
585 427
579 453
577 461
576 464
572 477
570 483
549 527
521 571
477 619
437 652
408 671
363 693
316 709
267 720
260 721
280 718
313 710
324 707
332 705
375 688
411 669
440 650
467 628
479 617
503 593
533 554
540 543
547 532
