154 92
225 175
264 245
299 303
329 335
341 346
346 357
344 363
339 354
320 352
306 351
285 362
271 368
272 378
300 377
326 351
342 334
357 319
370 297
383 277
399 261
391 244
382 226
375 217
375 198
378 172
390 148
402 141
413 132
423 119
431 119
420 119
408 120
408 124
406 132
399 144
395 160
417 191
421 219
414 248
398 256
375 261
357 266
348 252
353 243
352 254
357 264
355 275
349 289
348 294
342 293
346 288
366 274
388 258
409 245
431 215
450 164
466 120
478 85
477 64
479 60
468 59
461 60
462 61
463 78
457 95
462 107
466 118
455 141
431 163
408 193
387 224
381 239
377 254
370 272
370 290
371 310
368 339
370 371
363 385
362 382
361 365
359 352
359 341
347 327
313 312
270 294
237 253
205 213
189 167
182 127
180 87
178 54
177 36
182 38
191 51
204 85
213 106
201 126
190 135
181 145
194 164
216 185
234 210
253 238
274 282
294 330
294 374
296 422
303 466
304 496
300 490
296 477
291 467
277 454
283 436
284 436
283 432
293 432
303 445
303 456
296 468
293 486
273 498
256 503
257 513
263 523
282 529
301 524
321 498
333 461
344 436
343 411
324 384
308 349
293 309
277 274
267 242
249 208
235 173
211 141
207 104
187 100
178 104
165 107
158 94
154 95
148 79
140 68
132 55
124 48
120 32
118 29
141 26
164 27
181 91
204 155
234 218
243 261
253 300
249 315
251 327
255 332
272 317
276 304
269 279
279 256
265 243
239 244
215 247
213 225
204 208
186 186
180 162
168 137
158 120
146 95
138 73
136 55
139 65
148 75
160 73
165 83
177 93
182 111
189 128
202 137
208 142
213 167
217 197
217 208
222 215
224 205
221 194
224 180
226 159
229 143
234 140
233 149
235 163
245 180
251 181
257 192
267 211
261 229
266 250
268 271
272 294
277 316
283 342
291 359
301 374
311 386
324 408
319 421
317 431
313 428
306 418
329 405
366 366
383 327
400 290
416 255
417 221
415 181
416 140
440 107
467 79
473 52
480 38
483 37
471 40
462 43
454 51
437 73
414 100
396 131
392 159
400 187
401 244
395 301
373 358
353 394
329 425
320 453
311 491
300 524
290 557
279 564
260 564
247 559
233 568
225 580
225 582
243 579
248 573
256 571
257 563
262 555
275 548
268 545
265 541
260 529
256 527
254 528
249 531
236 544
232 555
201 569
187 575
186 583
185 575
181 550
190 545
180 534
191 534
205 531
236 538
256 546
274 540
287 538
296 538
301 532
302 525
315 506
317 485
325 462
340 438
351 408
361 368
361 330
371 294
389 281
401 236
413 186
424 140
433 102
438 64
437 45
