-25 39
-45 68
-68 98
-84 87
-90 86
-93 88
-95 74
-93 70
-61 76
-49 77
-38 91
-11 94
4 83
7 80
10 77
9 55
8 39
11 20
39 -17
68 -48
79 -80
77 -96
64 -99
55 -92
49 -93
45 -98
39 -86
33 -72
28 -57
4 -45
-20 -19
-29 -18
-38 -18
-40 -22
-67 -45
-89 -62
-75 -72
-59 -84
-49 -86
-44 -64
-36 -50
-26 -57
-10 -76
1 -93
9 -88
21 -92
30 -89
56 -92
82 -92
100 -89
99 -77
91 -49
72 -39
59 -20
54 -1
59 -2
70 8
62 9
52 23
39 40
17 48
-6 52
10 53
18 53
31 67
40 84
54 98
58 76
74 59
95 22
95 -1
73 -30
48 -54
37 -69
32 -61
27 -39
25 -18
-2 2
-26 9
-48 12
-64 1
-74 4
-95 -30
-83 -49
-80 -66
-81 -68
-85 -75
-89 -88
-89 -94
-81 -90
-75 -83
-41 -63
-7 -38
11 -12
33 20
52 28
68 43
66 60
74 78
82 99
