-85 -556
-440 -1215
-588 -1827
-297 -1734
276 -1626
604 -1532
872 -865
1173 -289
1261 276
1342 632
1432 1057
1573 1341
1623 1167
1733 1069
1759 611
1599 115
1434 -259
1337 -350
1055 -114
1011 3
784 172
351 353
-118 898
-651 1403
-1292 1995
-1908 1714
-1260 1668
-582 1644
222 1664
1259 1814
1461 1991
1928 1456
1967 806
1965 663
1376 210
693 -200
-22 -537
-630 -615
-1224 -787
-1733 -958
-1653 -1303
-1423 -1596
-1196 -1698
-1249 -1744
-568 -1951
213 -1792
1031 -1785
1604 -1743
1488 -1680
1502 -1603
1726 -1018
1920 -829
1851 -617
1996 -395
1336 147
865 515
848 824
498 663
-44 270
-130 -102
-268 -319
-390 -593
-636 -965
-764 -959
-833 -1113
-913 -1273
-980 -1304
-1221 -1071
-1379 -915
-1663 -772
-1949 -522
-1939 -149
-1749 119
-1869 302
-1941 543
-1678 501
-1437 508
-1069 884
-1149 1131
-1358 1200
-1847 1177
-1708 989
-1520 399
-739 -208
-41 -964
427 -1765
1016 -1986
1128 -1766
1193 -1381
1079 -763
656 -35
347 679
11 1364
-429 1384
-475 1416
-473 1265
-560 1039
-834 102
-1250 -985
-1505 -1985
