-20818 15669
-40534 17663
-55260 11831
-82087 6825
-68220 931
-49726 -16600
-29245 -69551
19363 -123144
58797 -158437
98404 -182607
139134 -206149
165405 -216315
187833 -207778
166603 -208386
135092 -215096
99665 -246957
68704 -295282
33722 -340287
-18096 -368399
-73494 -386210
-123632 -402682
-164832 -414631
-201127 -405972
-204511 -295439
-210552 -177798
-191437 -36710
-157225 99414
-123210 259210
-79613 367077
-49116 397531
-32792 427802
7091 459323
42751 457571
73623 456468
96307 458772
122621 465936
138825 458402
153884 439367
154811 419749
134362 376002
108610 326259
100212 281212
91292 230359
67703 176242
49506 95982
34108 24090
23548 -46481
49562 -115341
94670 -193336
148113 -274778
176719 -360916
196080 -422467
195136 -443917
143870 -425423
87763 -392218
24720 -366537
-35283 -332807
-92424 -307698
-137697 -239509
-199573 -166981
-245612 -103238
-292761 -28488
-329551 47706
-369092 124549
-424233 201622
-477573 266545
-462462 334161
-444273 403610
-397866 422111
-334207 414692
-258434 382684
-125389 353972
17353 321252
154711 296190
268107 274174
332390 243150
358648 209176
365781 175408
379375 142460
388309 112310
386589 81561
375862 37131
334445 -10941
283866 -59667
246004 -70957
198471 -79007
157024 -96822
116762 -100293
82745 -84343
67953 -11406
47669 61177
23890 136061
5348 196484
-17712 257457
-43302 291744
-72537 306616
-81300 271756
-79113 219671
-26388 166617
25094 119223
64240 70159
104368 18444
133346 -34686
163409 -87949
217324 -134957
278154 -185246
335002 -245609
366117 -302066
392701 -353622
407170 -404489
428985 -448344
437538 -474945
448436 -496653
460033 -497414
462674 -499613
435803 -491690
405007 -484295
371842 -479098
323671 -449573
255470 -411166
184538 -349949
111638 -287264
41951 -234946
-15151 -147139
-62364 -57648
-104746 38022
-150908 132736
-208676 236255
-269616 307204
-332442 330537
-400564 358683
-443963 379054
-475012 397700
-482391 421174
-485736 442378
-482950 456398
-481971 455070
-448570 440951
-412300 401403
-355689 364384
-300468 314213
-257910 252175
-198140 189932
-129360 122135
-69157 59012
-11827 1372
67020 -68569
130756 -132799
206769 -206308
280125 -270762
346385 -305111
373169 -337889
394559 -368166
418392 -391742
444522 -422542
469025 -451366
479870 -475125
461165 -485083
381192 -490543
303149 -486671
225501 -487738
141133 -487990
66997 -471091
12517 -448005
-49048 -411854
-87885 -324105
-138795 -212450
-177357 -108053
-188878 4960
-241746 108622
-292460 202945
-341231 284599
-379882 353039
-411758 417100
-442945 459202
-456630 471667
-450758 482080
-417696 489342
-385038 489181
-346976 482637
-307880 451364
-239061 421731
-162471 406471
-89358 389619
-26587 316179
47060 238293
134698 168448
208739 90437
271512 18293
294349 -64780
318840 -139629
336904 -211051
384292 -274675
423600 -328983
463326 -384152
460628 -425108
455114 -445914
451258 -433554
435632 -416939
420372 -383030
399781 -357796
359505 -322801
282051 -281765
194934 -245075
106266 -199290
-7551 -162328
-107896 -146454
-220260 -123092
-336247 -87325
-416428 -40945
-461271 30739
-493256 97767
-499826 150229
-480408 186972
-463613 180203
-457915 168204
-431798 144809
-403941 122579
-377016 79644
-326945 31915
-264783 -2328
-150281 -7649
-13036 -22299
95400 -17198
202018 -17073
295980 -48018
369610 -81702
449067 -110643
482697 -133866
496296 -155957
468534 -159360
413425 -142899
366349 -129027
332000 -120753
297174 -110581
264756 -109993
233611 -101419
192254 -107083
140238 -127933
96353 -138273
29613 -132561
-47052 -118786
-120353 -71675
-189122 -20458
-258275 26432
-327674 62625
-372031 105747
-383376 162562
-390035 229046
-381464 299553
-368558 368496
-343535 407466
-301373 446950
-267361 493743
-235199 486368
-192929 491585
-149011 490740
-89513 463944
-27368 452944
-2768 440984
20748 399761
32331 357750
32274 311236
29229 291608
24504 279721
20068 262063
-2249 245730
-19103 233777
-37278 219527
-48978 216716
-64601 225365
-60745 253674
-75342 283232
-99614 252213
-123702 225135
-179666 189343
-234103 154689
-282196 126426
-320090 116012
-349161 102277
-370441 93635
-393315 89231
-410547 100463
-434297 112241
-451043 121753
-466430 144343
-458079 173028
-433813 183780
-415404 204789
-397282 224557
-386681 234075
-383004 256733
-366517 273278
-350091 295157
-283316 321305
-215787 331962
-146595 312106
-43189 258270
55276 184690
150550 120526
265410 40000
365913 -44313
424901 -125805
471838 -196187
478174 -268520
424292 -344560
362838 -401558
297787 -444991
230892 -490644
159775 -469319
67445 -410336
-13158 -348467
-76684 -283621
-122859 -225754
-161665 -185432
-193237 -132616
-218498 -77308
-257278 -33518
-312127 -4286
-333074 26901
-350712 44012
-354780 84473
-362127 125798
-387728 163037
-406070 208456
-409828 252899
-420532 273559
-430168 294698
-403267 321875
-386149 348025
-367767 372363
-358400 386094
-365543 382995
-370397 380404
-386826 373155
-403646 364641
-419076 357326
-429256 346554
-437425 337282
-444254 331181
-442587 305142
-452590 277001
-436399 245562
-412078 208038
-364905 165489
-313336 134192
-259210 102336
-165523 102486
-79538 96696
-2839 78521
53527 54883
145431 18165
239737 -19728
300351 -52377
360623 -79113
404552 -94289
449044 -106851
455227 -114555
468078 -121423
453909 -128650
433716 -117456
409811 -123342
392901 -125181
367660 -128354
331607 -127630
319927 -140468
283039 -193961
259847 -242548
230697 -256180
183098 -278038
128333 -304172
82690 -328296
8461 -354710
-57212 -385497
-127275 -416202
-189272 -450925
-241030 -439745
-288678 -416069
-339161 -397749
-382433 -382240
-429605 -365066
-450314 -345368
-453389 -321516
-458121 -290725
-450422 -258564
-441769 -226592
-380141 -192196
-325142 -143427
-248680 -89268
-163266 -33640
-70436 21884
24265 74626
121050 97024
239238 120501
314483 121572
372877 123522
393194 125368
391680 125143
388063 107442
386324 89996
384212 64442
377392 19161
357329 -28598
335453 -75586
283254 -67424
220986 -69261
173135 -76254
129355 -69211
92566 -58896
39347 -47849
-14489 -38483
-63827 -28409
-115512 -31986
-157660 -31683
-183626 -22065
-201948 24520
-225551 56403
-258463 82457
-294095 120086
-319661 162228
-347920 203070
-368846 233565
-377985 265474
-389117 299175
-398629 325938
-414860 345155
-404505 368721
-381741 395101
-335446 417585
-280800 417038
-221904 416617
-167105 392138
-119851 372023
-65233 356607
-10624 327091
33149 279274
83809 234718
138237 173818
167010 103493
198329 25076
213814 -54064
215558 -114916
214293 -157252
222384 -193692
232990 -239915
240966 -283782
241642 -328975
187798 -376174
122584 -423282
76326 -468429
25611 -491381
-27473 -481479
-94328 -462059
-165794 -422341
-235034 -359113
-291784 -310717
-344084 -233228
-389892 -158702
-420235 -61910
-433929 38653
-416609 143862
-399151 246635
-341351 345554
-289518 421255
-247607 458968
-192221 477274
-131681 491706
-55837 493403
62375 491484
179402 474811
282778 465713
387899 456815
439681 423406
447140 376456
450049 302642
457809 213576
468776 110622
469019 13350
466652 -81727
468800 -192371
469547 -275890
466592 -358318
417350 -438964
351871 -481815
271141 -475777
191166 -469955
108515 -468775
44234 -467995
-42758 -449390
-120278 -433081
-216330 -436116
-302785 -440346
-407379 -440403
-499263 -432468
-499042 -445107
-479239 -444552
-460920 -446864
-443429 -441507
-421398 -410625
-388124 -379920
-348939 -349524
-295116 -292910
-239516 -168916
-198450 -46342
-158193 32527
-82571 105436
-21244 179363
39785 242550
131010 305598
228239 347161
316428 383248
389579 400500
411339 421244
426303 436966
429394 453242
420553 456956
381457 455963
338318 447634
283891 439849
231803 432773
174021 394671
102448 353409
20295 260987
-55808 174092
-143591 118356
-229493 29102
-305551 -58120
-366069 -146475
-417838 -247100
-472576 -328664
-487887 -397681
-488442 -443680
-489138 -474683
-492723 -476457
-493709 -479667
-485583 -478961
-470486 -481009
-444312 -482990
-415384 -472090
-389152 -438744
-369719 -378132
-341763 -292803
-318324 -212260
-297627 -163245
-257872 -115824
-213232 -67443
-159086 -24013
-83972 14855
-46117 56924
-15572 78302
7627 98275
36112 118166
28936 135212
8814 155576
-18302 179049
-15366 199726
-18505 221446
2561 239402
46089 264744
89571 278866
133256 280794
152052 284718
180295 288309
200249 262900
231595 238544
223255 214225
213335 196108
194393 177952
173642 154133
129340 132005
71092 106999
13233 82344
-20076 64885
-58397 4777
-103153 -69300
-137586 -154490
-161596 -205203
-179010 -233019
-196141 -263196
-212984 -305778
-223976 -355185
-250254 -407983
-268818 -446413
-284152 -480524
-293354 -440176
-292303 -401859
-292750 -346524
-303022 -275578
-328850 -206363
-342302 -153205
-351451 -100701
-364516 -64551
-363087 -24943
-362271 -1053
-347681 17011
-333303 39222
-291268 57913
-248336 52745
-214834 31088
-159794 16549
-97430 -3501
-28622 -29920
38018 -48534
80427 -76380
125128 -27462
166349 24912
201115 60618
240770 97746
284546 147522
325954 199174
344662 238258
369221 281496
372073 314125
375198 347549
364733 375845
344257 398805
309673 414309
275054 386272
240961 346999
235611 304199
235929 251992
232292 191506
193889 133703
148205 80907
94018 30342
48646 9649
17501 -9943
-4818 -35477
-25717 -55755
-39003 -72352
-56607 -69090
-67647 -44360
-69692 -22232
-80413 -30306
-78372 -50690
-91108 -65583
-96387 -67412
-97266 -72219
-94209 -71833
-89290 -72015
-82383 -79710
-74349 -88757
-69504 -100997
-63940 -126098
-46963 -147467
-11010 -169942
35425 -164120
113014 -145583
182379 -115940
254322 -79586
306949 -46665
360903 -8010
416885 32900
467021 37960
491672 41306
497682 26716
467710 8085
413339 -27228
355902 -75941
302605 -92238
241722 -111475
193412 -148320
98724 -178006
-478 -211697
-88537 -257114
-188352 -307242
-271509 -356375
-355031 -408478
-417366 -414456
-450514 -420423
-477919 -379058
-487398 -316946
-486787 -254432
-485138 -175368
-453281 -94321
-373073 25944
-252479 172480
-159587 347537
-64397 420482
46637 477193
143388 486261
193266 440007
254637 396083
321224 346810
362797 292278
417411 237807
437909 186363
438414 136301
441270 80735
440251 24342
413534 -35723
384630 -97494
363996 -151168
333004 -202445
318959 -213320
275124 -224221
228496 -231722
157099 -230530
88853 -231617
11557 -237446
-70133 -231134
-138694 -226804
-213475 -236880
-269183 -240494
-323461 -251780
-376617 -251537
-412388 -260154
-436991 -258015
-468911 -246055
-495345 -240838
-486345 -237474
-478820 -228280
-451957 -222232
-408234 -209090
-352893 -176978
-292732 -146640
-243255 -125973
-203544 -118996
-167285 -123554
-139230 -128226
-116480 -153648
-88449 -186805
-54036 -210619
-14579 -223081
17265 -243404
37035 -262994
29557 -285497
10152 -309303
-28532 -340569
-64328 -372247
-111150 -410773
-155866 -430003
-192855 -444582
-230018 -447904
-283272 -462941
-314664 -467561
-344426 -470075
-373391 -462441
-400309 -421688
-426157 -405234
-448979 -381670
-449993 -356350
-435755 -329359
-425474 -290227
-409890 -260210
-378395 -211093
-355233 -177947
-331799 -140547
-292726 -88896
-252030 -56659
-215863 -22677
-180327 20911
-146781 64636
-99068 118916
-46929 172760
17817 225880
80042 273865
146552 305074
216824 351243
270447 400498
327954 417196
370542 420369
411718 422396
453110 411137
471483 398764
485038 386032
476048 370392
468164 357768
441577 351527
419711 343445
393209 333779
376394 319268
345358 300937
304346 286677
268116 275357
257650 276005
261625 281809
253030 285481
237803 299090
229339 323041
233203 360193
245589 398624
263513 426747
277266 384246
282799 325405
256066 255800
219297 185839
172799 58130
129774 -58624
76529 -179926
13115 -288599
-54562 -390622
-120799 -469106
-205375 -487170
-290560 -495083
-368320 -494754
-443583 -497179
-483875 -493867
-475824 -486256
-426729 -477296
-336268 -467125
-194823 -397351
-69373 -315918
18132 -245800
99012 -200440
177855 -127137
258201 -20759
338663 89004
426986 198761
427326 296605
434873 386276
413130 455247
392760 494948
368657 495440
343612 495303
302981 494994
252320 490304
190220 475631
130438 458527
85609 439785
30301 374108
-40221 290520
-99411 210641
-149959 133400
-185860 61738
-193758 -6540
-196369 -59645
-197498 -128567
-187162 -185427
-182826 -223135
-183738 -252495
-184435 -276982
-184499 -311449
-191885 -347135
-199796 -380529
-196019 -375647
-192676 -346701
-187289 -324787
-182521 -322651
-132831 -309395
-84150 -284253
-41156 -259691
-891 -236721
36081 -251935
70379 -254737
117654 -243618
156388 -236302
191897 -292538
230582 -323726
258264 -332822
288347 -336888
343793 -318370
384138 -295238
425705 -277175
439792 -251024
457653 -226741
449080 -194712
426258 -153380
392792 -111011
304693 -76939
221624 -59217
122729 24003
-1393 114953
-116610 204757
-243995 271663
-346124 343790
-383199 407385
-417322 442959
-450987 464714
-472078 487352
-486656 492145
-489979 480826
-484174 460677
-433785 421525
-368633 349967
-284082 262746
-187405 171291
-104329 122110
-4316 85846
85518 62030
171872 24479
254671 -1628
346589 -20424
371256 -28382
386328 -36162
396192 -44386
430640 -53875
463745 -59160
483885 -25736
495306 -13523
484399 -1628
478394 -13350
472257 -9294
463535 -24400
448665 -68695
421358 -107979
371412 -151722
307255 -196593
237125 -260189
162077 -335721
104834 -389417
43497 -414419
-26846 -390888
-103744 -377478
-179634 -370229
-260210 -370175
-325753 -335539
-376420 -292498
-420131 -246773
-462678 -186416
-494853 -135960
-496903 -83638
-451121 -31802
-341588 20056
-208824 52100
-56719 74920
73684 106653
146701 136237
229802 158383
311744 191466
383068 215968
429023 241971
452574 244618
473146 246825
492659 248764
487881 236604
480965 196320
477975 150449
472931 109109
460162 57820
448929 26040
440318 -24902
421565 -84781
392059 -109520
368777 -134649
325605 -172413
299424 -199477
249359 -225442
198385 -252979
143020 -274117
90601 -303468
37827 -329477
-47934 -367904
-105374 -403326
-154146 -437946
-202698 -460801
-255470 -483299
-305762 -478375
-338761 -434572
-361241 -389946
-385458 -343117
-402407 -305170
-399724 -263874
-369206 -186713
-343144 -86558
-317854 -4363
-297264 73257
-238503 148033
-172862 238332
-130122 327919
-88121 356421
-43773 387335
-3195 427371
31387 460512
58252 461604
73828 469299
87355 470087
81550 463442
85114 437053
83251 392515
75547 333957
63382 264632
84618 193644
102813 126281
122864 52720
146747 -31456
89451 -101267
41029 -160601
-5181 -236213
-51427 -311616
-77486 -363557
-96771 -405648
-103191 -406198
-106839 -395495
-86061 -352487
-61745 -302894
-38780 -230844
-12495 -152499
17997 -78600
54389 -14161
106972 58665
159070 116380
257031 166193
339399 198944
412794 213826
427415 228663
423118 242293
412929 255042
422007 236978
422663 220015
419210 205604
396758 191116
348097 161084
274546 131196
190562 114451
125642 96452
45720 114769
-30215 148459
-107945 177081
-173799 234884
-229163 295466
-279656 343886
-329083 381280
-373509 417507
-392714 450753
-415394 464886
-404248 472389
-374043 478531
-294616 454703
-177551 430019
-59298 381779
66023 344314
202131 320778
335770 321043
412350 319406
425275 304437
436589 289306
440256 270683
414717 250414
380496 236661
330815 224246
278859 192942
225749 189548
171001 176974
144613 151703
122625 111626
104370 49816
77388 -28517
63368 -122510
39794 -220635
45938 -324712
56321 -411366
49095 -460356
53524 -454577
65276 -434866
61947 -412226
58038 -380613
10294 -325357
-50026 -248146
-89029 -164608
-124610 -34162
-151161 89804
-170382 258207
-187044 422312
-235597 465654
-285856 488434
-334279 495526
-378441 497946
-417833 483270
-452572 461683
-457646 440828
-465724 419085
-475168 386715
-482390 346761
-488036 302439
-487615 256716
-481127 205972
-411365 161617
-321227 119525
-222573 70490
-113918 17781
-39922 -29478
41443 -73706
119763 -130349
197383 -172777
263226 -226110
322835 -257059
371868 -275714
405910 -308279
439310 -327506
461352 -346620
487055 -366636
497986 -398291
496812 -431292
466954 -458702
426518 -485672
385615 -487993
338205 -494751
298967 -497148
256369 -491062
178989 -490506
94370 -472759
15054 -457437
-78776 -397338
-138829 -319773
-158427 -237305
-195038 -151665
-221758 -63442
-258186 22460
-287931 101642
-276191 166857
-287758 227183
-258172 288211
-227895 348625
-194498 386736
-158223 422235
-120115 407000
-73647 392272
-24543 358511
7983 320687
34866 287725
63701 257177
96231 223317
128760 145491
148409 71446
170917 -5356
195293 -100284
219803 -184521
238546 -265519
234171 -323547
225751 -387807
188350 -427901
149790 -454231
102502 -464972
49406 -473396
-4590 -480364
-36963 -478429
-79690 -473592
-114596 -395066
-140952 -305799
-163448 -206065
-182295 -109992
-156517 -25844
-98922 62208
-43300 101583
40498 115333
113167 128637
181919 139356
253157 131335
320268 114527
378272 60866
424802 7284
458986 -27402
495106 -81713
479609 -138097
412526 -177316
347192 -177035
237104 -191078
128364 -199711
1828 -242028
-103453 -276578
-203721 -326507
-307551 -343480
-411302 -356983
-449787 -366183
-472864 -380445
-491849 -381114
-491734 -383185
-463040 -381046
-417882 -365971
-383586 -352353
-352543 -331364
-311958 -290181
-268499 -256118
-217807 -184023
-156343 -102731
-77304 -20425
4673 67852
63767 193809
102290 320951
143042 434064
169867 472120
190005 470218
209017 476040
228726 482843
242600 478694
259640 466975
283651 464954
313119 429300
354343 361416
387333 275098
419503 190218
430028 84697
431130 -11426
425163 -108602
410996 -198588
396805 -259682
381185 -305325
364589 -339492
292856 -373255
213957 -404253
118261 -439897
13696 -484137
-70101 -494265
-135209 -482184
-196546 -444094
-273648 -407948
-345102 -373971
-401850 -325360
-423062 -282808
-425145 -236121
-419589 -177753
-415980 -117282
-412124 -56709
-346262 9201
-228698 68007
-109726 120605
10897 187013
118713 236086
211677 297332
264022 342749
311011 352812
348122 322900
363713 301892
373521 283371
346303 258247
305164 234929
249625 189266
181304 146323
118011 100500
49773 50717
-41060 -38422
-143206 -119710
-262560 -187909
-355191 -236983
-411088 -291325
-467995 -343465
-473025 -387870
-468246 -412441
-463578 -425122
-464603 -439436
-468907 -447939
-470877 -449297
-458397 -459603
-429454 -469248
-374379 -458028
-317367 -456379
-256601 -427081
-207971 -379162
-153935 -337805
-57268 -303059
-2600 -263685
66955 -250042
120685 -235900
189216 -205187
262123 -190738
319042 -179027
378702 -182580
429004 -194976
476322 -195203
479300 -194203
486346 -192312
486642 -201253
486062 -211875
458586 -222808
410822 -232628
360441 -229318
294788 -225839
236352 -227118
122373 -217788
-17196 -211969
-135094 -210806
-261031 -209015
-341435 -191063
-417553 -186296
-452150 -173422
-476605 -158140
-489279 -145322
-464285 -133774
-409825 -116241
-350854 -100400
-238394 -85462
-127016 -30142
-8751 12800
95863 47414
194791 76448
269416 129061
341228 172327
423508 224751
460965 296592
483126 372241
491702 392206
497619 409307
498561 426913
498607 426938
497956 454945
483055 467250
463326 476820
430253 482968
385123 481962
339308 477118
276397 439502
173513 380890
70079 332802
-44447 292000
-151684 262671
-256912 231966
-304263 213918
-359251 189743
-400278 162604
-438487 134468
-448308 110596
-457669 93739
-466329 51272
-482228 5394
-450975 -31504
-416919 -64856
-383464 -96413
-360931 -111850
-348378 -118839
-344565 -136032
-344811 -156200
-354568 -170070
-370898 -185485
-386066 -207808
-409169 -221471
-432683 -227795
-442682 -223575
-405147 -215278
-366934 -218459
-324754 -220920
-265718 -230131
-205937 -193377
-143312 -154988
-98052 -122582
-57045 -85742
-5360 -43289
60963 12380
128261 68794
178643 104500
219738 136058
261101 170861
247385 217517
208173 254395
153271 279237
82461 298764
-20742 332066
-122203 367603
-219355 404088
-292093 450377
-351760 494268
-411114 493154
-470225 476470
-491253 455353
-498386 414092
-497039 381531
-485101 337334
-469741 283648
-450592 213654
-426542 111570
-399923 15490
-377820 -74830
-362675 -132960
-354124 -203337
-341245 -253273
-317326 -301606
-299655 -349806
-275874 -398530
-242060 -443786
-202362 -457071
-154990 -470799
-91079 -406318
-36775 -327332
16065 -242192
49399 -125637
72359 -4095
81639 85851
70413 174698
78187 259227
100788 334658
131884 403760
140105 438787
138170 465129
118412 491356
98994 447748
77036 412552
48631 351025
13310 290218
-23285 200160
-32839 108693
-46928 24690
-31521 -75370
30532 -176804
98570 -277608
135630 -360212
170535 -412791
203883 -432604
233442 -393396
261379 -341120
287096 -278150
317391 -207149
350467 -80409
384439 50055
440408 162488
480975 239508
491576 312714
456309 374715
408942 436563
360469 491046
307775 471593
254895 426215
195019 368820
133682 321533
74167 270890
18702 223813
-25921 169836
-83916 117689
-146576 61000
-208737 -34008
-286037 -153409
-306210 -265642
-317617 -345008
-327289 -410718
-328842 -420505
-349648 -432852
-357688 -447493
-377843 -461840
-388409 -474148
-362889 -480569
-322107 -488131
-278163 -461912
-236235 -383711
-190824 -312514
-114606 -218572
-42004 -114445
-2683 -11355
46076 31964
100486 56476
169969 109666
242963 158571
304884 197489
343035 242982
384086 296945
423775 351358
447692 368217
466040 375317
468211 387829
443898 400482
366901 412983
271508 422121
188282 443417
96033 470246
12640 495552
-79697 483887
-145848 472255
-199179 456453
-224352 421981
-249408 384096
-272572 352024
-294596 283037
-293356 189397
-293494 112271
-287018 12743
-281692 -103046
-260309 -206663
-235625 -289730
-206054 -351082
-176132 -391124
-156270 -429327
-148259 -468243
-142125 -486075
-85568 -494586
-7046 -490853
69602 -483878
140287 -483100
213386 -480367
267596 -450856
322362 -417106
370001 -373985
393514 -332286
397660 -283791
367097 -218988
340890 -159325
313341 -106011
255432 -27466
176235 79259
62373 171930
-53033 175269
-167611 175705
-281467 179770
-364589 211673
-441509 236984
-493686 263441
-483840 290987
-476311 320666
-478041 343243
-480830 362539
-479067 383925
-448732 412306
-398517 431780
-344461 430528
-270983 404778
-201962 375360
-135364 340110
-71001 305375
-458 246755
92211 138617
193269 14491
270893 -89991
330746 -194414
385364 -299514
391034 -379063
404749 -451433
403690 -492926
398216 -492303
392177 -496433
373947 -481830
362395 -467402
348322 -458343
339280 -440240
325028 -406668
285806 -343958
246708 -286647
196223 -237578
142551 -185773
115763 -128612
91769 -66215
59412 -2152
37944 62641
14091 116360
-17116 179853
-37260 239373
-70322 314344
-84587 378975
-98959 455852
-103657 475922
-106450 496936
-136323 472213
-166750 444502
-173113 393879
-185134 330093
-184603 256757
-171386 175201
-155099 95503
-120455 14210
-83514 -36714
-60373 -80338
-40554 -126174
-1296 -171538
40835 -209357
82239 -263051
142054 -328388
187285 -392675
236640 -446436
240004 -486806
245719 -490775
249561 -493136
227772 -497691
193799 -481974
160380 -470140
130053 -468556
92580 -472751
61019 -484838
33545 -497883
11507 -496793
-11751 -425303
-40371 -315637
-57728 -201355
-44290 -96422
-29528 -5813
-16610 116734
-22725 222649
-44642 276105
-45100 326571
-35328 358114
-15953 386313
5230 412167
23372 415475
10774 406659
3353 376326
-2151 341720
-15816 308556
-28340 278507
-23604 237913
-18586 197764
1084 141429
4893 78887
39209 4896
69380 -112122
97685 -227827
138656 -292048
183514 -337375
228918 -371226
265324 -392299
295029 -379181
304479 -367153
308953 -358160
312102 -305484
308268 -243839
316493 -183310
324790 -95311
309628 -1506
276142 92862
237722 188025
168710 290909
129914 373575
91284 459916
33940 483610
-22940 475989
-88215 461016
-144916 452111
-194290 437835
-233758 384216
-260414 320298
-284968 246366
-312252 176692
-339040 94967
-326589 31214
-295044 -47181
-265221 -103117
-241571 -149951
-238582 -187179
-253756 -196700
-268475 -204596
-269486 -198290
-265773 -191666
-242299 -193182
-231566 -203637
-224048 -218901
-202057 -220647
-188242 -214701
-171137 -196733
-152880 -221575
-125737 -246217
-82711 -284175
-50079 -297275
-8213 -311472
56184 -327360
130435 -341752
207396 -356264
280140 -365865
347894 -374398
374004 -376571
401675 -381368
424649 -383911
446492 -397052
467752 -377524
466017 -343571
460311 -292278
449188 -235122
440968 -156729
433226 -94773
417361 -32440
413870 46341
397189 104460
351549 157916
279519 208599
206927 273086
115096 318728
28195 365842
-56889 422981
-152888 479239
-234062 478785
-299053 463795
-341390 448739
-370065 434524
-383647 411886
-380634 363573
-367394 293192
-344684 210004
-313402 102500
-298014 17707
-282352 -72583
-255373 -145110
-244716 -222622
-220344 -308519
-188672 -395134
-156638 -415663
-126287 -409306
-95119 -378125
-64679 -339512
-24685 -301990
17011 -191199
65960 -83726
121551 29527
204838 116419
255693 202628
280153 258752
303887 340558
330928 408856
349905 458767
331519 481099
315282 484474
309201 477149
305219 463373
302044 426752
297969 393827
288255 349755
278403 307869
251800 231322
222679 132440
180010 48708
131633 -52828
85320 -156363
41235 -240085
5036 -304339
-24993 -347080
-55566 -398499
-51591 -433067
-49324 -452007
-31892 -469224
-15963 -434143
6508 -380178
39478 -320313
87070 -231597
117769 -149675
128076 -73957
153246 8875
162554 88566
165763 117575
167721 137932
189628 156243
197723 166897
174105 178164
144943 211920
114785 239750
96053 265259
85112 305622
100388 334459
126145 358445
168301 380008
210631 414256
250179 413751
287882 373798
325789 315088
323891 222141
320997 108371
268405 -32722
199370 -159925
111072 -288227
33944 -348380
-25619 -421983
-76734 -451052
-126799 -433061
-161161 -414950
-178402 -386681
-174938 -328584
-163463 -289930
-151216 -236234
-139327 -226465
-132392 -202745
-122839 -206333
-107639 -199129
-111882 -174632
-115453 -150408
-125818 -88839
-130049 -21472
-140832 52656
-187707 111284
-223142 162644
-238900 193438
-257939 207024
-272052 223319
-298993 219489
-322399 203475
-346108 181049
-365814 162641
-382576 158150
-400376 149137
-411635 136939
-413103 123164
-387972 119886
-339719 61569
-291701 -2734
-219848 -66721
-148644 -143578
-128078 -221347
-102867 -301680
-65744 -366468
-46896 -417374
-2765 -456959
25784 -472817
50640 -485777
75755 -496483
100970 -491921
123405 -459716
130732 -426059
139350 -421301
151293 -394438
166031 -378792
175535 -369260
147586 -369772
120484 -371755
90413 -356261
50565 -344349
32335 -332810
14519 -300033
4841 -263310
-7865 -223223
-28033 -190785
-41856 -153614
-44073 -128192
-47763 -108587
-63066 -87886
-58090 -59353
-45049 -40068
-31123 -16642
-23940 -639
-17051 16529
10468 36882
21428 34658
47970 20551
48478 1454
45083 -18806
44605 -25936
47007 -6825
42302 33949
24497 78017
10854 102722
-6638 108040
-59052 114866
-117001 122301
-190581 132744
-229407 132856
-264382 126115
-309623 124684
-355333 112676
-413154 98087
-466706 87366
-490918 80873
-491864 86833
-496522 105254
-498598 119423
-491240 136731
-482834 104174
-481621 70989
-479661 4763
-467994 -54889
-406609 -125775
-321113 -199832
-223242 -251291
-138898 -317301
-67382 -375590
35539 -419182
116622 -462912
195802 -469250
261960 -471882
295263 -484702
334003 -494967
366684 -490478
396669 -480580
375767 -456143
335233 -432462
292971 -360883
248044 -289169
191735 -183703
134158 -45050
116544 68592
101522 177319
86403 240530
71667 304390
101592 369514
130005 411140
156722 450644
174619 454155
179654 439315
162147 427801
145643 415545
120179 422694
87207 433790
72439 437873
56390 449864
53298 459302
51161 469708
48204 480117
63002 470283
66243 461601
78660 451423
93525 446269
110503 408258
132060 370206
136219 300115
150450 232444
178199 151241
204717 62729
232656 2235
250142 -85806
258988 -185837
284632 -285109
311262 -386494
336062 -453317
351293 -463324
362793 -472813
343055 -478359
323021 -455148
296143 -388768
266287 -312028
251842 -247376
249638 -159995
249266 -59878
212599 62137
181328 154125
149440 246516
67326 295187
-14944 331358
-72323 329002
-124334 315373
-170011 298432
-206443 276851
-230674 220187
-241222 156536
-260922 67847
-286969 -25457
-336676 -121849
-391666 -225917
-415853 -312354
-442232 -370684
-446171 -410409
-457344 -450831
-444762 -463148
-431744 -470697
-421564 -453789
-413177 -419031
-371887 -378542
-323290 -287958
-250637 -186329
-199193 -72218
-141778 59894
-66831 190274
9866 319753
83781 425186
142200 402075
189052 378595
235831 341964
274076 310772
312455 260627
342568 203303
390164 163056
436491 116736
474508 53593
478801 -3922
483546 -59314
466302 -84887
444055 -75968
394917 -79728
336633 -85773
267425 -93011
205001 -107474
110041 -109594
15421 -125068
-93226 -161951
-228431 -190736
-324007 -229424
-345965 -268699
-357396 -311674
-378853 -332276
-387645 -340238
-380093 -347206
-355023 -350885
-339187 -350490
-323142 -338688
-299023 -320130
-280548 -308839
-259728 -292985
-255168 -272430
-256385 -256627
-259470 -239915
-227331 -210916
-202201 -174019
-152530 -122102
-104717 -83027
-62267 -45058
-14749 32916
32799 92906
83804 145773
134442 179590
189075 236319
264725 307803
331396 372049
380883 435921
419756 474845
433220 490993
446210 496370
464347 453442
470445 406577
479353 357774
483499 308345
487751 265690
489154 220725
492570 183818
494332 190657
497052 198457
496420 211053
480412 223787
469380 209055
466549 197856
462208 191615
429519 161005
389080 131869
354440 105724
319278 83976
275328 67627
242905 57728
215293 44277
197997 18180
176354 -17701
149747 -48228
105454 -78577
57619 -98675
7784 -113417
-34030 -110632
-57031 -94478
-79894 -87387
-89000 -91471
-91735 -103008
-88210 -151123
-69303 -202449
-49324 -257576
-48494 -301822
-46404 -332078
-27229 -324633
780 -314028
64035 -312722
106740 -308574
187774 -304135
274838 -293332
353118 -305258
445084 -317870
487100 -326520
482455 -333636
487651 -339371
468249 -337151
425656 -333101
382322 -327669
296087 -280303
222694 -229612
142335 -181757
68170 -152814
-5859 -124932
-62135 -56262
-125935 13618
-152361 91417
-164715 172016
-185543 213755
-210638 262461
-242437 311855
-267132 350097
-281312 389970
-300236 426613
-297665 440400
-279651 442726
-248018 443705
-212735 457545
-178982 455254
-134672 464150
-83569 453259
-34357 434847
14977 411751
73274 375608
133106 308548
187680 212299
244826 135632
277242 52347
282719 -64072
290934 -181185
262670 -278666
216408 -352904
172347 -400517
122050 -431260
70776 -445736
16526 -427221
-40765 -336378
-53328 -230355
-84762 -118940
-103330 -5722
-139507 100308
-159010 186185
-177126 265099
-189165 314528
-239015 361020
-282012 370675
-321975 379913
-337091 375942
-346713 385069
-361954 407289
-378970 400630
-387944 395047
-396808 338742
-367561 282094
-336546 219143
-283662 167536
-205451 94576
-96020 35144
14248 -1297
105627 -49323
189035 -100901
239225 -133842
289340 -157196
321573 -183086
354305 -200205
381967 -203075
394895 -197000
381002 -219883
366603 -242689
364996 -262583
366911 -240114
377237 -213815
357626 -183145
334300 -142981
316999 -129501
304678 -123836
257683 -131712
198224 -138904
99343 -141011
-17522 -141934
-139908 -136826
-241583 -103824
-322538 -71669
-387704 -58318
-419724 -40238
-452372 -27292
-454031 -11659
-455738 -7131
-467471 9134
-477637 11189
-483343 17702
-408553 34132
-333611 39470
-263306 57944
-172411 75303
-23026 87127
108766 93452
229432 83735
352762 76628
400257 68375
423929 56694
416150 41317
409126 61052
401390 76815
386555 84725
333329 92069
293184 75335
241108 38661
177261 10960
89916 -15015
-25115 -47277
-141094 -41666
-245863 -40025
-353377 -55147
-422718 -78521
-456311 -116806
-443073 -149052
-427009 -174126
-377424 -188233
-328122 -201365
-286457 -205873
-209704 -205899
-142695 -204158
-79346 -218654
-12202 -220806
53961 -244842
122014 -260404
189629 -273160
258404 -293568
313439 -316950
361694 -339589
393613 -351835
431323 -333640
468883 -316636
480332 -301585
474324 -299493
439620 -307833
397200 -327392
353011 -338051
312958 -361742
278079 -384857
239247 -398045
181980 -382214
129585 -358032
61152 -346546
-6210 -331137
-81482 -321273
-159473 -335565
-231522 -378742
-297725 -423706
-337204 -431606
-377206 -428989
-422630 -417944
-444359 -400317
-459576 -366928
-473190 -340298
-478224 -286349
-479970 -240669
-463785 -168319
-457370 -81988
-445783 8589
-416986 94611
-377136 146169
-302538 173779
-215324 186660
-128947 193426
-48919 194706
12857 180066
68457 180203
140622 160548
223417 161613
290162 175637
341160 201262
349074 227995
353920 260170
356146 276627
361543 287681
359240 293170
351016 284897
343989 248349
324454 212411
305282 165542
284768 118518
266886 60754
237476 -9135
227690 -89320
238099 -139470
235111 -190923
265103 -242646
291788 -292732
322792 -338229
359948 -361807
402681 -382692
430985 -388967
453690 -400435
472223 -406305
450839 -409892
418146 -407053
357064 -404756
230378 -410990
96825 -410313
-41195 -408723
-215903 -389474
-355977 -366163
-403100 -340196
-428579 -323346
-458239 -299625
-464015 -300443
-463851 -309538
-474251 -327389
-444271 -344352
-410774 -322850
-374010 -313461
-324543 -296477
-270353 -297551
-220198 -290376
-129617 -266637
-53215 -237813
8090 -221754
52805 -190574
100000 -171950
157846 -128724
210376 -86180
251156 -54632
302042 -20671
352834 5721
384910 35228
396079 66017
393567 89875
380798 114371
352186 143658
320805 167824
270657 190231
224209 195616
180244 191314
143008 178650
84672 174720
29604 142817
-15904 111241
-61434 78028
-133253 55949
-210308 38949
-315771 26617
-370988 -2639
-400426 -7972
-425802 -13073
-428470 -20156
-433379 -15364
-430234 -8339
-424300 871
-407643 17848
-401930 36142
-391137 49544
-354028 68786
-300248 69890
-223917 64095
-153251 37705
-51663 28892
64994 21464
132832 30774
203570 68010
279203 102257
321264 132141
344608 166369
343702 236999
341584 301811
300439 362916
258587 378129
215667 382712
164106 377179
88788 369206
19461 359117
-63448 344016
-147542 280806
-225161 204152
-284653 129720
-330292 43932
-361998 -37690
-364439 -108490
-368036 -188727
-356740 -226365
-332218 -252100
-308539 -271130
-279871 -302201
-202873 -335758
-133073 -371928
-70075 -408776
6669 -435538
98130 -422784
182356 -400327
264579 -375406
339370 -320222
390746 -227420
435904 -155028
450768 -93327
463297 1883
474918 97844
486388 193820
492129 292788
491671 370906
487447 413050
484305 451379
471164 486095
450679 487698
430508 481952
381005 471799
336938 441969
264576 408095
187261 373554
100511 320897
-21178 250159
-157298 175270
-235830 83468
-322338 -20825
-380194 -109289
-414550 -156088
-427026 -219591
-429693 -280789
-427234 -339240
-403344 -391830
-382869 -402131
-367634 -403703
-357096 -411388
-347272 -413916
-323731 -398497
-270918 -384933
-235950 -373088
-194930 -366945
-145591 -365043
-108721 -361807
-62400 -353518
-6140 -339169
53129 -334364
124085 -321376
193088 -301074
283098 -290194
357430 -265811
423626 -221449
432514 -170304
441085 -118900
451034 -100460
447017 -77485
441624 -51825
394303 -13895
359280 37541
306088 100383
245159 209038
188296 309194
137749 375612
87743 438829
34355 478708
-12615 491150
-74587 494556
-134160 497773
-192802 494946
-250500 493437
-276605 491022
-300761 487893
-322338 488399
-324621 491297
-319690 483016
-298538 445197
-276067 412420
-252381 370105
-196802 332850
-134916 295353
-66370 257224
-1158 212248
67976 134645
135547 -8090
193454 -131604
219307 -249928
248665 -315919
272976 -397677
295045 -441870
296621 -460726
302168 -469996
315529 -485035
328044 -475279
343614 -461241
354818 -450158
366600 -435219
379189 -409607
379303 -366590
380694 -313239
373394 -260394
362056 -198299
352627 -135894
347058 -80247
349179 -33375
346494 33153
337200 106863
317172 187780
293863 269126
256709 349623
230457 373677
208895 390081
190314 394166
185337 390364
192151 368316
190431 277135
190007 170561
175459 69654
192522 -36887
228720 -165538
271169 -238329
308459 -312988
344110 -368295
371613 -383493
393670 -398449
389248 -418800
387114 -412915
386085 -367862
391937 -314272
368604 -243780
343059 -165508
335739 -73489
317009 28547
308637 125581
302993 216175
295435 291202
279842 342282
274309 369357
267074 387061
309360 401551
351424 383313
372668 369391
382277 352115
354599 339843
325034 301115
275157 237681
233609 171468
193426 104861
148556 41440
96648 -37803
40482 -114549
17496 -186710
624 -261165
-21047 -335447
-52509 -371762
-94496 -411888
-148844 -442895
-189681 -472306
-212103 -488145
-234629 -498299
-250609 -464630
-279202 -428636
-339554 -382223
-386254 -329054
-414184 -265742
-429474 -190256
-426715 -104903
-420397 -17037
-413288 89803
-404860 182951
-408137 279518
-392234 357066
-369840 403309
-302315 452973
-235171 491397
-154431 496540
-76991 454380
6557 403309
110038 305096
202161 208676
321870 105183
403468 -22873
486775 -127785
486484 -229488
491250 -327907
493436 -404626
497840 -474079
497580 -491091
470215 -489504
441857 -485233
408169 -474434
351643 -449055
297640 -423203
225310 -324099
139659 -202168
56215 -91536
-37182 -9518
-146021 76510
-252878 131321
-355078 178889
-386782 213850
-414680 250416
-440078 264596
-449808 293183
-449345 325699
-452869 356156
-417468 364740
-382641 376693
-334436 382007
-252478 387864
-140593 407854
-22163 399424
105534 386818
223182 374914
275195 329574
329515 294773
384679 254395
377979 214221
368381 163803
354437 129880
324994 98877
312361 68770
283039 39273
223445 12017
163890 -11894
105270 -34488
40479 -59227
-3910 -96673
-27699 -129017
-46534 -159488
-63311 -190674
-73228 -174415
-105031 -172928
-135742 -153048
-166541 -130429
-204618 -107646
-231644 -63240
-270468 -16637
-310397 62331
-345941 129898
-380465 176634
-391236 226942
-403741 269552
-416935 315674
-428667 369335
-412806 429158
-399613 473159
-365865 486440
-331291 406852
-301119 268499
-289006 100143
-273251 -37476
-260068 -173295
-252035 -263171
-215006 -346476
-179809 -421886
-139919 -433664
-101678 -446293
-78358 -448533
-64453 -442796
-51203 -417580
-32633 -359759
-12516 -296015
9936 -216239
35976 -104597
55090 959
96157 100656
143629 196070
170130 291172
196794 359124
232297 437008
269921 485235
290744 497372
290950 497891
292559 479101
310734 449432
331480 410841
352022 373338
375517 327729
407828 256053
389141 155925
368525 45181
360434 -76706
351899 -185782
327454 -232948
302114 -296218
282453 -341195
265465 -346068
241669 -349839
218460 -339656
182312 -323339
145396 -286898
117668 -256949
92863 -224940
54473 -196214
26399 -139170
-20839 -95895
-82448 -62970
-150121 -45904
-219493 -27439
-278696 181
-337348 26603
-392725 49593
-444824 78531
-435888 111915
-414592 144371
-390852 177185
-377110 201557
-361571 201040
-353810 225527
-358522 250612
-331073 266620
-297088 228545
-243289 179019
-186520 177617
-138947 163332
-83109 151334
-18461 145417
48604 135801
126865 134174
193504 133283
259681 142105
304144 158726
315587 140979
325665 94376
327949 44170
316536 -630
312948 -49446
298282 -100360
278437 -167676
242078 -248865
179319 -331621
108811 -394591
32845 -436333
-58666 -470474
-156942 -489989
-254610 -475629
-356245 -459586
-443010 -416777
-488999 -367534
-480668 -305527
-398388 -242072
-302457 -133890
-202049 -18602
-101806 76905
-2615 171701
94207 245019
220612 297500
347953 349538
467958 373172
462067 397766
457595 389044
448898 383946
431228 381460
412855 390695
396299 393544
358941 388885
265794 396323
147346 413950
51530 420206
-45488 390984
-122653 365232
-200885 345404
-275823 246384
-358049 152303
-408023 57520
-446032 -40880
-485532 -142286
-483809 -242342
-472493 -308088
-442562 -374049
-423300 -436499
-406011 -460706
-385109 -476315
-364184 -460245
-336321 -397401
-305637 -324594
-256361 -249121
-207827 -166462
-156879 -75528
-101668 18337
-47390 111660
26380 206410
91783 283647
136493 373570
185500 440797
235114 466394
292899 469858
344558 472644
377208 474124
389645 466063
403038 456787
409501 452211
419928 443595
430297 428674
404790 421394
379767 419534
363847 421720
278868 421183
193548 412418
100143 387836
20116 366480
-73447 330918
-167233 282050
-264512 234840
-363399 195088
-459292 142150
-483427 81625
-489743 23980
-478458 -30326
-457388 -84864
-430956 -101823
-383544 -111932
-347279 -112977
-309931 -120424
-255116 -140547
-184607 -129474
-111646 -123650
-25886 -125388
57416 -130029
121013 -122795
172553 -90043
220949 -56649
257411 -26228
298743 21509
296463 54343
283500 76382
263718 38751
254776 15262
261458 6483
273464 16994
283281 28569
280204 57780
257754 114484
236954 165780
226309 227787
191478 314038
158343 410004
119003 456807
79237 483115
36011 478497
-6254 479988
-61229 477384
-76183 474934
-85558 471046
-90780 464105
-81633 453275
-64355 437183
-75867 373578
-85013 300586
-85337 213090
-99848 111750
-133734 -22079
-174868 -159614
-213258 -310048
-248274 -421002
-284083 -469325
-311969 -481157
-336321 -474618
-323747 -464928
-309744 -438451
-295755 -406559
-274383 -362168
-253762 -322938
-261201 -293693
-284093 -278047
-318794 -270622
-336123 -271381
-355804 -265421
-375748 -265973
-382188 -219147
-383835 -181596
-383413 -132815
-383181 -94022
-356105 -55246
-287360 -20044
-228463 11382
-159037 65880
-76990 113203
-8662 154958
41384 183560
79269 215944
96891 249552
102065 264198
123276 267742
137056 263437
96599 254750
62254 270039
281 277629
-72509 293292
-152716 311161
-204488 327408
-266169 337341
-323021 356832
-363186 372258
-402424 379790
-419507 385779
-439335 396842
-465386 408707
-495104 414233
-458920 417692
-404476 418148
-347058 417197
-267909 413404
-185668 409556
-103056 414898
-34474 416673
67466 372355
164401 322386
248170 261930
311147 192442
388507 105332
449899 -2302
490805 -94088
494819 -158062
493240 -205399
493883 -245920
486089 -284939
477388 -318088
465858 -338244
435216 -362851
375324 -381569
315634 -391937
235992 -371911
141067 -334640
66353 -234034
-8662 -149314
-97102 -60610
-154820 35119
-212783 142489
-287553 217309
-360176 312172
-421630 410364
-453587 474369
-486559 496880
-495834 497142
-493586 467090
-486737 418753
-478067 353592
-467665 256224
-443759 136535
-419477 36951
-352895 -23599
-210202 -81375
-51021 -133397
6406 -172389
69627 -194845
151691 -188951
225021 -200298
281072 -214828
336106 -226750
390229 -254838
428500 -276062
449427 -313508
444801 -353145
424049 -395715
378231 -433757
325988 -468532
285868 -465796
249448 -461048
186998 -457427
109977 -439289
35636 -371781
-26200 -302636
-72085 -213250
-117217 -102371
-159991 2846
-162714 104767
-161910 190912
-172232 306249
-165949 413683
-170500 499199
-172079 476229
-180742 441714
-182365 407747
-188505 354150
-191227 281829
-191565 203989
-150507 124830
-100954 53536
-58884 -888
-44107 -63930
-50243 -126586
-40504 -169634
-30078 -198494
-29933 -215151
-50345 -234557
-61083 -239363
-72934 -243698
-53285 -249822
-42127 -264230
12148 -292321
72944 -321491
94736 -332884
116705 -337876
126990 -323523
119574 -304943
111602 -304687
116508 -302291
113633 -296387
106320 -289025
91655 -271180
87070 -251172
115796 -235115
159073 -217970
174137 -202567
172815 -155552
175358 -107702
221176 -79793
261485 -50252
300393 -17175
330323 21708
339986 57970
356901 97910
382246 135119
387101 163266
375168 202607
356099 231149
341197 244354
324957 240825
280433 236856
233736 221520
167822 201870
88382 188457
4377 178487
-71500 158866
-141566 133799
-173299 111662
-187866 90278
-203353 43782
-223835 1368
-244445 -51132
-256370 -87812
-275922 -125404
-264417 -159698
-240887 -195732
-215397 -237221
-179133 -279211
-147561 -310224
-140285 -316715
-141513 -343285
-143719 -366651
-123177 -392720
-103131 -406869
-94409 -425513
-83968 -399926
-67493 -351075
-55403 -290880
-63065 -222989
-102825 -151096
-142284 -67582
-177277 5452
-216982 79682
-255385 138593
-270083 203431
-283113 239927
-271133 256751
-256602 254322
-230759 240106
-192772 236180
-157292 228172
-110402 188515
-46885 147248
14659 106419
63636 72939
147196 28350
244346 -20523
300921 -64316
350737 -105458
396138 -145932
432691 -186771
455535 -217366
468466 -235840
479832 -221322
478700 -186471
474711 -144518
458336 -85987
442406 -252
405073 88425
314143 177873
221284 258503
172253 342749
117256 403032
66772 449622
6686 491546
-60711 479278
-126042 458561
-170483 416712
-239354 353314
-324861 274809
-389935 201512
-460085 130195
-496506 66427
-471898 4957
-437100 -64219
-379948 -104570
-330070 -143062
-276695 -198644
-228236 -227109
-176383 -268624
-115679 -317530
-52749 -358995
15206 -404595
74429 -446048
123286 -441989
170221 -422604
220531 -395062
292320 -369038
337886 -339640
364538 -292669
385209 -221349
414168 -149262
424871 -67997
435231 27654
442990 117915
430080 200679
433161 271285
421764 343949
416726 407726
408207 441254
394008 461483
380178 479955
378181 495772
381000 497869
382806 470055
366134 436604
331350 386979
297658 279157
269671 84104
234247 -116777
220258 -280814
199087 -336315
172922 -354046
149822 -358206
123337 -374877
90185 -396340
75552 -397559
62457 -390127
46027 -387966
-1183 -362636
-49364 -341997
-83238 -325200
-117789 -275855
-122066 -209888
-147529 -147224
-161836 -87441
-165181 -28516
-170236 24439
-193127 80124
-167804 145163
-138142 207530
-106229 246635
-67906 273999
-37088 299025
-25506 325515
-31190 361872
-30781 337344
-16903 325689
5842 314822
29084 308368
76503 301460
124622 287298
157105 289953
199663 273791
247378 239724
296340 182568
308033 128947
314873 48902
282588 -32998
246945 -98542
184058 -161384
116249 -254512
79585 -343560
41031 -393741
23389 -430396
-14894 -451232
-50170 -411376
-80510 -316599
-109462 -223771
-142121 -127490
-159448 -45420
-176398 85340
-191941 211323
-206209 337332
-236878 401665
-256029 414264
-279167 422933
-273072 425891
-261133 430482
-243586 447593
-224923 469765
-211002 479180
-203561 485371
-206700 477038
-212825 469569
-216992 477421
-211052 485942
-215487 494199
-225874 498526
-225455 499465
-200172 487011
-178433 467858
-161104 439597
-141949 391996
-117555 347534
-76917 311468
-30348 261683
23113 217135
68418 180507
106459 146596
112391 114403
114193 64443
117911 40230
126340 14673
127409 -13305
125406 -29770
112596 -60831
98950 -70372
134400 -55475
162405 -35141
194739 -11140
231581 19161
284031 52433
336259 81359
380594 123866
418298 168209
452684 214191
491599 250199
486054 283009
462179 305100
407057 343781
331835 383088
267639 421046
221912 455310
189804 481099
139461 488138
87859 477557
39175 443716
-47450 380223
-138682 306122
-211110 200121
-257066 102984
-304028 22027
-347988 -21139
-396523 -72264
-442514 -121756
-473918 -168655
-480126 -188741
-488507 -211574
-467135 -233743
-445249 -254236
-413431 -280200
-363109 -300307
-312785 -315644
-285376 -331260
-284813 -315344
-301373 -295928
-303474 -287177
-299189 -258646
-292486 -231612
-280567 -202495
-279488 -173232
-259760 -134746
-258410 -89728
-257441 -44805
-233035 -1824
-203770 28201
-168899 63172
-132649 98882
-126016 139647
-115176 192853
-114113 244510
-142603 296615
-155791 353037
-149244 406113
-132883 397551
-118537 384453
-118454 370843
-150223 344053
-169423 306133
-160682 258027
-144793 225492
-113368 187548
-82912 117009
-43348 48894
-13408 -9163
19364 -69115
65645 -118312
92197 -142125
114633 -160381
138613 -186701
173948 -199727
222998 -228343
259706 -284337
301045 -330541
334953 -356127
348897 -347183
364381 -316816
376474 -262633
404113 -199943
434361 -118220
467115 -42182
483316 46591
475888 118565
478831 196623
438244 279103
398286 354576
356684 423930
313906 488298
251848 497395
173452 495301
82751 473454
-25987 434405
-107888 398760
-145531 357583
-170857 317359
-195178 282128
-223855 241954
-234408 209121
-245047 161944
-249639 104648
-255993 93724
-265152 95158
-263142 108386
-263857 112507
-274957 130943
-294042 148242
-315531 169019
-334631 184054
-362634 184434
-393854 169999
-402174 157360
-363934 152807
-331334 142866
-299161 143814
-278285 147625
-256527 172424
-224505 205678
-159458 255150
-94728 315513
-10932 331564
75484 316739
157600 300304
240174 294544
307140 284175
380112 255202
413645 220091
441348 192144
467058 151956
476769 114422
475047 65734
430684 16558
367484 -25239
280918 -77492
186281 -114095
88417 -132079
-36533 -147883
-140898 -160527
-229910 -190039
-294301 -179809
-360459 -174019
-412237 -170280
-465391 -155270
-482270 -143655
-499981 -112433
-498722 -91123
-476863 -73878
-447402 -50689
-423124 -29847
-388264 4165
-321431 32789
-254685 19615
-187996 11865
-117017 10141
-64453 48433
-16123 86385
56743 126980
128043 143146
198301 158577
249340 175585
301212 160983
339028 134418
380593 111087
414099 84098
445771 3827
459336 -71685
470693 -144988
433421 -231173
376644 -327801
303841 -416590
192047 -491649
49399 -497493
-62539 -474805
-173842 -434368
-255095 -383670
-342955 -330518
-391011 -268410
-412072 -211137
-428970 -155166
-435988 -76681
-433660 -1661
-409613 98512
-366198 197831
-312132 299033
-191195 308868
-70032 321897
42152 316530
128004 309983
206219 305863
278739 334557
333642 357430
403759 338662
478078 319238
489472 294317
427915 280543
355127 277559
280908 272537
244071 223793
195440 173739
146150 161462
96133 158602
51155 151953
30819 148372
11424 131671
-21341 108665
-43592 43929
-62811 -22473
-73660 -58797
-82181 -100659
-59986 -142477
-38790 -182051
-33537 -222255
-32092 -240698
-43616 -257407
-61624 -271558
-85409 -267748
-121142 -245328
-148506 -223465
-161262 -197894
-161574 -168021
-168474 -144607
-183251 -94120
-218779 -44695
-257124 25410
-306028 79949
-337034 129455
-356350 176538
-375546 198440
-387922 227333
-395701 246264
-406775 251517
-417790 263205
-398671 281706
-367309 300262
-316819 311253
-280065 313667
-236981 283201
-178488 255028
-119438 226191
-57837 195108
-23615 163965
9375 138043
31989 111982
42812 80508
33746 29272
18953 -9406
10389 -17142
17958 -24974
25745 -35322
9697 -42106
-2865 -25955
-28800 3081
-77585 32579
-133086 90567
-213348 152079
-286551 208498
-355096 269803
-395846 328951
-430682 369297
-440910 406079
-411343 440650
-380642 461547
-348998 483534
-314457 365974
-231917 237027
-158691 106134
-79213 -12365
7425 -133934
109450 -250127
200628 -347697
289059 -400460
366294 -431957
435230 -455745
449310 -471547
459945 -480076
468165 -482263
475198 -448272
481488 -414067
479866 -367733
467859 -317620
464092 -216393
454818 -119349
440200 -29611
426684 61017
415860 133769
381962 194690
334962 208969
291908 226464
228002 228447
163615 209972
94277 185667
34647 158236
-42515 138145
-125522 119610
-169934 103599
-213436 68229
-227889 25292
-249166 -1366
-274824 -20423
-299424 -43268
-320307 -64229
-322053 -66019
-320444 -29657
-323157 15175
-299631 56731
-236669 105044
-148364 159897
-55599 205051
35801 158892
153547 96415
276315 16831
374525 -78734
429398 -182584
481001 -227933
483505 -273378
441235 -307941
386756 -340687
307810 -380328
222061 -402314
127935 -415284
40058 -421176
-52196 -441869
-142172 -415186
-238692 -395349
-321418 -392324
-349095 -392541
-357041 -377723
-343429 -369840
-330691 -354219
-326569 -318518
-326997 -266405
-335509 -208407
-343217 -154563
-347207 -109956
-349300 -65409
-347041 -32810
-340894 28036
-308927 87404
-271375 143269
-234124 213107
-177928 283899
-106879 342589
-15361 379957
79856 407472
176061 429514
265785 447730
337216 426197
404914 367936
458524 299809
464241 243807
479276 191162
492263 139143
498922 103223
495820 102335
444302 98348
387518 104133
277344 102099
145024 85271
6734 87845
-119005 111276
-207052 135267
-281943 144708
-342493 120565
-407192 96804
-446309 72064
-485602 37570
-496071 27428
-496868 22979
-493311 12095
-488513 6270
-479815 17515
-470462 42003
-457222 67808
-450351 93389
-446535 118904
-427080 157516
-401642 185706
-376384 217029
-348656 256051
-321069 295926
-283417 333378
-242406 368186
-200720 400722
-159089 427470
-112941 456574
-60644 480390
9241 499793
48905 498707
89454 499592
134093 491842
173777 470980
209505 387644
261377 297814
289897 214903
319266 153035
372170 86841
403813 3078
429991 -85848
460102 -195951
478241 -287879
487664 -353216
499325 -410747
495335 -432204
480895 -446319
469854 -454840
461998 -471025
437102 -465126
404373 -458793
364508 -413904
278797 -368999
188229 -340922
103116 -283092
29997 -228026
-52988 -166692
-85975 -98873
-131793 -26324
-161352 36345
-192394 116858
-224290 196526
-241322 275445
-220084 349027
-196184 428239
-187902 497460
-177932 495167
-164314 488830
-145631 473878
-136202 461312
-142020 416628
-150260 374008
-175698 315777
-214634 257942
-220460 190546
-201147 126136
-186297 64750
-178407 18057
-168926 -27755
-167759 -49999
-178790 -68714
-184284 -51957
-184316 -37054
-188959 5269
-173961 47408
-162014 93939
-151095 171660
-122495 217478
-101211 260134
-64444 302656
-25435 337037
6601 366821
37065 376811
74475 401656
117113 419307
178872 429813
235607 434857
288767 439923
341338 417617
378650 394902
399180 352302
417026 287335
430306 227668
425585 157432
376102 88039
322501 26742
256089 -42121
222578 -104259
194092 -175721
186147 -242560
157274 -304455
122801 -365839
81753 -425383
20813 -482506
-43527 -470780
-104177 -462511
-177379 -451959
-249404 -411263
-326349 -332890
-384644 -255226
-408077 -181179
-439535 -126990
-462272 -72476
-438996 -1708
-414593 67495
-388985 149481
-368645 226882
-236235 338974
-108421 429502
43895 453629
181296 454876
280112 460096
324779 465162
372842 449295
417748 431432
454328 402448
485848 361899
492426 305917
495788 245165
499838 187811
491064 138431
465336 73249
442341 11537
395771 -58417
341035 -124067
281513 -189884
225792 -256200
174843 -310496
130462 -337224
59446 -382222
-2035 -421682
-72357 -452251
-124748 -446564
-191408 -437057
-245375 -416886
-276397 -397925
-309328 -357388
-344982 -305402
-375943 -275384
-414308 -231051
-435500 -183929
-456319 -139264
-478211 -90788
-488703 -53307
-484409 21106
-475359 92391
-437922 159593
-393914 227174
-357671 274725
-325798 313853
-257505 349282
-188194 364366
-117374 378896
-58623 388114
13322 401488
71363 415006
134606 391215
202293 357201
267205 307629
298210 245235
321152 133718
345307 27911
378741 -70032
417810 -187015
454276 -271212
480406 -316634
495807 -349607
451306 -379231
402450 -403640
342991 -418926
235202 -419452
128579 -405571
32875 -390434
-77309 -378035
-208651 -358850
-287153 -333391
-313601 -298267
-339827 -271177
-337513 -232425
-306451 -194806
-237737 -136326
-179141 -76865
-104170 8844
-31621 95471
36936 181514
167428 260836
258667 333892
324135 388236
377287 439723
410709 464911
442658 481913
476179 498998
489336 498577
479468 487054
472817 476634
471536 464297
471102 459658
480546 453623
480339 416573
477754 371914
455416 319246
429611 264108
384301 207319
353616 145034
312479 76219
271254 7470
257941 -65680
240052 -129825
231211 -171646
240886 -202864
267935 -242821
303494 -260493
323845 -248197
361267 -241025
407266 -235670
449022 -227021
475700 -221307
493093 -210459
495205 -204490
495858 -169831
496311 -129800
479696 -89400
462573 -55335
442136 -24491
423970 -7761
413507 4638
387193 14656
361220 43339
301824 65678
245336 86200
231114 105505
217982 129528
185499 151499
133176 165620
78517 186939
24110 217991
-27812 230344
-70057 219051
-105959 205199
-112141 182490
-105169 154785
-128994 105456
-152438 45280
-192215 -7667
-258859 -58992
-331318 -127568
-390810 -204645
-453204 -245599
-428579 -279914
-339165 -309542
-219496 -335593
-71743 -376557
64842 -412438
194727 -404895
281022 -396749
366188 -371693
377527 -334808
392293 -295835
380184 -263945
317823 -233461
259351 -196722
201139 -147492
148977 -80054
128718 -13902
110749 50444
79441 103170
52336 173044
22456 233448
20659 282614
19412 306816
12707 323279
8561 332618
-15008 367973
-22671 399691
-27698 401491
-10793 404077
-7864 401994
-7077 382231
27002 372001
78405 356310
132420 275552
170991 199045
211592 125947
223475 60727
222046 -7444
225293 -61098
247316 -114369
262366 -150126
266796 -183969
275092 -212120
304087 -238553
333051 -255628
359237 -270071
391387 -295839
421010 -333983
435269 -354122
414558 -336820
394722 -294660
373118 -255795
354236 -205412
319254 -172579
283161 -146985
237229 -117705
198682 -70599
155412 -11974
101216 63387
42901 124711
-51676 199649
-127650 266203
-160985 325488
-197557 379318
-239811 413528
-272539 444888
-303730 461716
-346808 481597
-376289 482713
-406756 420459
-433692 345567
-458839 262575
-448998 174726
-439908 97817
-423735 28880
-392478 -42372
-355587 -97278
-282337 -149570
-217347 -198172
-106760 -288420
8210 -340623
118059 -399435
214763 -403755
305906 -403415
387603 -395055
428898 -379805
456848 -364077
480748 -332190
492783 -292756
461713 -255245
447743 -209287
438094 -157347
427646 -103426
407505 -64756
386743 -27968
365367 10626
358211 18162
343980 27447
333830 46771
320211 33527
303612 9701
271014 -19893
255121 -32139
235832 -50345
199694 -67678
135783 -91532
51860 -127046
-53935 -172449
-160869 -127612
-249452 -89852
-313144 -45772
-357668 10669
-397411 61726
-432225 90998
-471231 138218
-491101 188386
-492222 219839
-495377 248490
-470148 275153
-421030 304664
-356991 350985
-290565 396081
-225066 435474
-149171 424255
-70537 391692
-13803 350821
33883 309351
83092 253671
154092 99400
233230 -65506
300636 -198550
354218 -282889
390808 -357186
424693 -412355
453807 -420625
479371 -428093
493751 -399618
489835 -375492
481185 -348805
458567 -322815
430052 -290924
394572 -261883
346499 -229617
303867 -197008
264320 -188919
237140 -172246
211047 -157057
190881 -123026
180512 -89208
179733 -68137
175219 -57699
155494 -17168
144315 22943
143164 60958
165565 85197
189992 107864
197439 125440
196999 95887
192939 65169
196029 29669
204569 -2416
215480 27426
216472 75790
210109 138079
190437 212186
161526 287485
126148 337276
92597 375357
44744 390879
-24804 412088
-84350 415471
-136330 411506
-188867 352907
-238083 299855
-330605 254406
-398201 223825
-459005 192609
-463538 142285
-458322 76164
-434989 -9498
-405599 -71393
-359328 -133102
-269400 -193365
-178245 -292127
-77895 -385124
31092 -401706
118275 -412067
207805 -410042
261431 -412661
302127 -417472
340597 -410698
379968 -398919
403013 -376932
419839 -329913
408504 -272070
396131 -227907
380230 -192972
366934 -136424
332617 -53140
294214 42755
231823 102973
162116 162523
86730 194995
35949 237334
-27770 271089
-90915 323508
-151098 332318
-212461 335890
-272802 328754
-340812 309880
-390822 298397
-420242 268656
-446514 246148
-473401 255437
-439842 261700
-398444 268790
-294948 266327
-199829 267453
-109151 249808
-9915 226626
65542 195489
149160 163919
226512 121951
308137 105329
329493 96653
352761 74626
373715 22467
386981 -55840
403481 -136159
409983 -188346
416356 -236927
420538 -248102
421568 -249026
423645 -237462
428985 -238970
434831 -242805
442463 -233532
450286 -217026
430302 -205216
410460 -169244
336647 -133335
267033 -97208
184432 -26078
115170 42495
26103 117759
-71815 204361
-156070 291437
-239899 370595
-304674 417134
-353921 453753
-401356 467281
-415251 475087
-407275 474020
-385762 464226
-350328 419580
-315827 365404
-273479 313113
-261166 253401
-208676 206733
-140001 156639
-71192 104887
-1086 64463
59678 34493
121204 23917
130586 21300
145107 29992
100001 37872
52106 52649
5231 64933
-21516 75066
-48551 80155
-76012 59938
-93807 51484
-100178 86246
-71982 115652
-49613 159379
-34215 214974
-11877 251352
14460 276450
33557 302167
49084 320192
91204 345080
137489 334319
170152 326910
146029 320438
121660 308461
96322 292417
71226 290130
43050 282306
10685 258097
-39842 231113
-88007 183092
-134135 130145
-161717 69972
-180603 24035
-210817 -17432
-204355 -56132
-181704 -90400
-164351 -113823
-117051 -145397
-71842 -185659
-28378 -245296
8783 -315270
52493 -384376
92471 -444570
129354 -472506
115870 -499593
106983 -481267
108356 -453659
117760 -406317
116979 -352795
124121 -300668
163323 -257505
207222 -230048
247074 -181839
288640 -126719
325067 -69112
339990 -11125
300759 49434
266691 115639
225721 177091
180014 211297
149314 202056
116165 171695
78747 126344
41263 83709
-10461 34510
-77250 -13141
-143532 -52461
-213655 -78170
-262075 -87672
-315811 -98661
-314301 -108620
-303298 -113786
-270490 -117818
-265619 -129783
-253864 -142308
-243115 -145756
-243178 -150879
-223445 -152377
-211593 -152775
-204087 -133271
