11714 -20763
21203 -22728
29636 -23854
37616 -25650
44950 -24459
51810 -21486
58603 -16117
63426 -8755
68283 -449
73032 10154
78019 20688
83394 27484
87183 34667
90529 41950
93765 47891
96271 53564
98284 58081
99519 62348
100112 66577
99623 70597
98549 73188
96252 75368
93686 77510
90513 78444
84363 79134
78147 79889
71903 80390
65611 81639
58930 83061
52346 84891
46235 86885
39966 88095
33814 89510
27660 90406
22367 90941
16912 90858
11930 90016
7059 88936
2212 87528
-2761 85660
-7499 83979
-12036 82793
-16670 82041
-20695 81426
-24871 80720
-28785 80104
-33432 79616
-38391 79678
-43417 80185
-48359 80544
-53337 80986
-58218 81445
-62050 82223
-64859 82436
-67129 82588
-68306 82613
-68803 82615
-68239 82611
-66708 82568
-64679 82434
-62434 82276
-59384 81663
-56119 81192
-52754 80949
-49168 80633
-45880 80331
-42702 80150
-39535 79790
-36561 79564
-33759 79601
-30820 79862
-28190 80145
-25699 80538
-23417 80973
-20926 81390
-18458 81714
-15983 82156
-13565 82504
-11183 82957
-8559 83643
-5813 84513
-2986 85571
-700 86444
1546 87288
3966 88087
6552 88817
9221 89419
11784 89987
14097 90386
16419 90781
19422 91052
22444 90934
26216 90516
30090 90088
33950 89486
38225 88444
42930 87817
48022 86299
53024 84682
58361 83219
63671 81999
68837 80816
73596 80271
77490 79951
80849 79537
83985 79152
87009 78959
89079 78664
90922 78354
92637 77878
94008 77341
94877 76620
95822 75900
96443 75148
97174 74457
97966 73783
98567 73167
98979 72670
99239 72248
99426 71880
99521 71665
99587 71471
99615 71250
99603 71061
99587 70881
99593 70697
99662 70518
99765 70337
99873 70122
100022 69922
100172 69694
100336 69462
100438 69232
100457 69000
100457 68756
100452 68510
100421 68246
100309 67919
100195 67432
100106 66644
100063 65534
99914 64289
99620 62949
99313 61379
98969 59723
98264 58050
97240 55892
96250 53514
94941 50187
93173 47031
91452 43929
89678 40268
87835 35882
85343 31553
83274 27263
80521 23681
77642 20218
75563 16755
74144 13030
72653 9263
71198 5153
69520 1310
67398 -1936
65666 -5195
63823 -8100
62255 -10626
60858 -13151
59373 -15271
57904 -16769
56652 -17991
55519 -19104
54453 -19970
54079 -20226
53721 -20466
54823 -19686
55935 -18753
57424 -17203
59076 -15636
60662 -13435
62101 -10873
63674 -8341
65336 -5780
66885 -2854
68982 540
70785 4022
72076 7816
73665 11719
75066 15290
76683 18814
79484 22459
82472 25912
84355 29591
86303 33048
87859 35935
89206 39167
90737 42442
92287 45661
93965 48177
95209 50952
96351 53760
97484 56454
98650 58812
99265 61130
99754 63383
100067 65582
100209 67490
100331 67974
100439 68349
100455 68700
100459 69030
100423 69288
100324 69480
100186 69663
100251 69558
100370 69417
100427 69273
100457 69092
100456 68773
100437 68333
100296 67878
100111 66033
99890 64132
99356 61560
98696 58927
97303 56055
95927 52832
94557 49361
92562 46070
90562 42026
88561 37415
86385 33191
84095 28991
81848 25074
79338 22291
77055 19403
75343 16135
73989 12598
72550 9047
71345 5602
70137 2700
68312 -403
66599 -3473
64946 -6296
63360 -8857
61986 -11054
60880 -13118
59839 -14746
58966 -15759
58164 -16535
57353 -17271
57282 -17342
57702 -16951
58541 -16177
59320 -15329
60180 -14193
61083 -12778
62157 -10780
63589 -8480
65039 -6175
66493 -3682
67939 -981
69435 1147
70290 2999
71025 4668
71625 6552
72311 8463
73099 10327
73760 11970
74212 13216
74820 14731
75614 16864
76991 19303
78891 21793
81154 24325
83049 26847
84744 30508
86868 34100
88665 37656
90388 41656
92315 45703
94578 49404
96099 53166
97601 56706
99071 60146
99805 63575
100114 66077
100401 68159
100455 68679
100455 68932
100447 69171
100377 69404
100235 69584
100117 69776
99982 69970
99849 70173
99739 70383
99654 70535
99591 70677
99590 70780
99589 70813
99591 70803
99593 70761
99592 70705
99597 70643
99642 70565
99685 70479
99732 70395
99766 70329
99775 70288
99795 70249
99813 70224
99831 70195
99856 70164
99858 70159
99866 70138
99869 70133
99870 70127
99882 70102
99893 70086
99904 70070
99934 70029
99990 69962
100075 69845
100141 69735
100217 69608
100316 69489
100402 69345
100442 69215
100455 69107
100460 69014
100453 68917
100457 68831
100455 68737
100454 68639
100451 68494
100395 68143
100243 67705
100102 65923
99881 64071
99501 62216
99114 60307
98425 58319
97390 56253
96406 53912
95422 51529
94399 49018
92851 46516
91124 43231
89518 39959
88219 36705
86743 33872
85047 31077
83821 28366
82346 25740
80070 23144
77752 20361
75540 16699
73965 12536
72195 8137
70648 3717
68192 -592
65615 -5290
63114 -9251
61033 -12868
58790 -15938
56743 -17893
54935 -19594
53405 -20654
52046 -21373
50900 -21844
49836 -22210
48922 -22634
48108 -23076
47395 -23435
46791 -23762
46315 -23980
45836 -24152
45223 -24363
44726 -24547
44913 -24472
45670 -24217
46477 -23913
47322 -23475
48180 -23040
49124 -22530
50106 -22107
51109 -21770
52563 -21108
54195 -20144
56064 -18622
57872 -16798
59771 -14838
61344 -12265
63003 -9419
64854 -6421
66803 -3026
68954 502
71074 4808
72626 9210
74351 13592
76102 17825
78578 21406
81753 24947
84418 29738
87110 34540
89252 39305
91007 43001
92772 46393
94598 49447
95906 52785
97224 55849
98592 58664
99216 60744
99587 62765
99850 63845
99988 64860
100055 65434
100100 65901
100114 66205
100125 66398
100116 66555
100098 66691
100095 66783
100094 66869
100094 66929
100097 66968
100097 66737
100112 66054
99971 64719
99629 62985
99251 61029
98728 59005
97703 56908
96634 54528
95402 51483
94049 48313
92060 45278
90162 41180
88339 36963
86161 32811
83868 28473
80956 24131
77323 19792
75044 15233
73143 10443
71218 5200
68739 222
66062 -4449
63633 -8410
61532 -11904
59507 -15133
56682 -17957
53921 -20336
51025 -21801
48143 -23059
45546 -24260
43091 -24973
41437 -25137
39914 -25357
38456 -25558
37100 -25636
35619 -25548
34092 -25079
32544 -24578
30810 -24037
28370 -23618
25880 -23462
23288 -23037
20588 -22597
17962 -21666
15394 -21197
12686 -20930
10535 -20546
9325 -20154
8817 -19762
8320 -19452
7839 -19410
7521 -19519
7335 -19769
7138 -19877
6935 -19913
6732 -19945
6622 -19942
6524 -19946
6450 -19963
6491 -19952
6589 -19944
6684 -19942
6776 -19942
6852 -19930
6866 -19927
6838 -19933
6747 -19945
6652 -19943
6559 -19943
6462 -19960
6369 -19994
6310 -20012
6276 -20016
6243 -20021
6212 -20024
6197 -20026
6138 -20027
6077 -20017
5977 -19996
5882 -19963
5789 -19925
5659 -19859
5528 -19768
5409 -19674
5281 -19529
5137 -19412
4992 -19312
4825 -19210
4657 -19054
4473 -18812
4260 -18528
4077 -18236
3901 -17909
3691 -17470
3440 -16922
3158 -16316
2978 -15751
2739 -15259
2504 -14903
2336 -14595
2361 -14640
2458 -14816
2544 -14970
2530 -14947
2387 -14682
2255 -14449
2150 -14232
2031 -13982
1907 -13540
1825 -13080
1746 -12633
1674 -12171
1630 -11718
1628 -11493
1606 -11270
1588 -11092
1593 -11153
1598 -11194
1601 -11233
1615 -11329
1624 -11452
1631 -11554
1628 -11697
1632 -11761
1641 -11850
1675 -12200
1716 -12471
1743 -12606
1733 -12552
1681 -12257
1636 -11803
1619 -11370
1566 -10984
1503 -10647
1473 -10381
1477 -10163
1494 -9994
1504 -9862
1525 -9732
1532 -9740
1538 -9753
1537 -9769
1534 -9784
1524 -9802
1508 -9838
1501 -9876
1497 -9918
1496 -9933
1495 -9949
1495 -9964
1487 -10070
1475 -10250
1472 -10326
1474 -10345
1474 -10420
1475 -10496
1478 -10545
1485 -10576
1493 -10610
1513 -10689
1540 -10847
1589 -11111
1622 -11412
1632 -11738
1666 -12118
1722 -12498
1792 -12909
1886 -13447
2062 -14058
2347 -14618
2600 -15052
2873 -15496
3091 -16107
3312 -16675
3549 -17148
3714 -17517
3878 -17866
4063 -18213
4247 -18509
4441 -18767
4634 -19027
4850 -19229
5092 -19384
5338 -19590
5583 -19805
5934 -19983
6386 -19989
6822 -19936
7246 -19834
7414 -19667
7580 -19469
7752 -19412
7926 -19407
8131 -19419
8424 -19500
8798 -19751
9227 -20094
10018 -20435
11365 -20714
12804 -20951
14373 -21123
15805 -21236
17181 -21463
18567 -21902
19949 -22424
21328 -22758
22826 -22982
24163 -23194
25453 -23413
26558 -23481
27573 -23514
28647 -23670
29865 -23897
31083 -24095
32229 -24454
33416 -24845
34417 -25207
34998 -25424
35576 -25541
36458 -25621
37367 -25651
38274 -25579
38981 -25504
39548 -25431
40239 -25286
41522 -25132
42836 -25026
44158 -24721
45504 -24275
46951 -23680
48540 -22846
50501 -21973
52443 -21170
54309 -20064
56314 -18372
58446 -16266
60537 -13626
62595 -10017
64975 -6256
67253 -2192
69765 1829
71497 6183
73211 10617
74795 14676
76410 18374
79115 22039
82095 25407
84274 29390
86459 33334
87905 36039
89171 39078
90579 42061
91911 44983
93256 47162
94540 49320
95385 51437
96331 53711
97155 55676
98029 57615
98823 59238
99228 60806
99485 62117
99722 63284
99902 64229
99983 64804
100045 65358
100087 65757
100099 65877
100097 65856
100090 65797
100069 65603
100032 65254
99990 64887
99928 64376
99831 63712
99649 63051
99523 62381
99390 61706
99232 60837
99042 60024
98777 59122
98221 57982
97663 56827
97121 55587
96520 54205
95740 52403
95017 50379
94099 48404
92826 46475
91680 44425
90624 42165
89479 39871
88583 37463
87610 35448
86584 33579
85494 31757
84585 30120
83892 28527
83249 27219
82532 25993
81688 24865
80595 23767
79601 22586
78647 21496
78090 20777
77534 20079
77864 20501
78338 21089
78965 21878
79676 22674
80715 23891
81786 24987
82559 26034
83158 27052
83139 27011
82888 26562
82671 26203
82186 25531
81467 24631
80794 23972
80674 23851
81274 24441
81818 25032
82503 25952
83072 26890
83540 27764
83963 28684
84699 30414
85807 32238
86891 34146
88004 36245
88965 38520
89936 40761
91065 43117
92155 45448
93339 47285
94375 48971
95082 50568
95510 51771
95884 52738
96187 53362
96462 54061
96719 54745
96858 55032
96901 55119
96920 55163
97354 56174
97845 57192
98367 58216
98607 58702
98406 58286
98067 57687
97785 57070
97503 56494
97541 56577
98014 57577
98524 58524
98711 58966
98575 58629
98241 58015
97644 56786
97004 55335
96371 53812
95545 51869
94754 49753
93707 47811
92397 45825
91194 43389
89869 40644
88605 37513
87037 34410
85094 31162
83371 27436
80915 24092
78233 20956
75755 17151
74121 12969
72436 8779
70993 4575
68861 382
66572 -3526
64308 -7298
62022 -10993
59987 -14528
57934 -16740
55836 -18842
53760 -20444
51689 -21542
49641 -22289
47999 -23131
46396 -23948
45105 -24402
43922 -24768
42792 -25034
41679 -25125
41119 -25160
40638 -25218
40444 -25249
40599 -25224
40957 -25177
41395 -25140
41994 -25111
42656 -25054
43347 -24902
43962 -24762
44652 -24576
45385 -24315
46238 -24010
46912 -23701
47543 -23360
48330 -22959
49447 -22370
50661 -21929
51890 -21449
53642 -20516
55483 -19134
57390 -17237
59535 -15104
61609 -11759
63654 -8376
65800 -4954
67694 -1411
69904 2158
72003 7613
74191 13154
76378 18318
79895 22928
83442 27576
86042 32619
88628 37559
90848 42692
93113 46943
95227 51004
96963 55248
98636 58775
99427 61857
99985 64832
100204 67472
99962 69997
99290 72135
98274 73480
96854 74695
95517 76203
93637 77532
88523 78778
77720 79929
66761 81401
56457 83759
46428 86833
36186 89011
26445 90497
16079 90718
6046 88682
-4498 85000
-14645 82364
-24716 80749
-34972 79584
-43496 80191
-50783 80831
-57905 81400
-61425 82107
-64558 82428
-67620 82611
-70435 82573
-72641 82473
-74270 82266
-75712 82035
-77127 81741
-78361 81373
-79566 81009
-80691 80656
-81779 80384
-82586 80156
-83295 79953
-83946 79761
-84301 79670
-84127 79711
-83823 79793
-83182 79987
-81926 80346
-80481 80715
-78606 81290
-76567 81873
-74345 82253
-71620 82568
-68590 82617
-65233 82455
-61362 82096
-56692 81238
-51022 80845
-44927 80265
-36317 79560
-27323 80236
-19354 81594
-11612 82878
-5093 84777
1348 87211
7769 89110
14529 90451
21394 91022
28380 90322
35241 89227
41907 87974
48684 86078
55224 84122
61749 82435
68088 81025
74849 80105
81384 79479
87822 78889
91219 78283
93394 77650
94444 77017
95444 76259
96301 75314
97223 74420
98068 73681
98695 73011
99160 72396
99457 71816
99609 71113
99751 70365
100037 69901
100360 69428
100456 68866
100424 68263
100108 67045
99731 63315
98760 59083
96026 53022
92798 46433
89423 39742
85750 32145
80834 24011
75307 16021
72022 7663
68547 -35
64884 -6379
61230 -12520
57736 -16920
54000 -20282
50303 -22036
46833 -23742
43682 -24819
40799 -25199
38498 -25551
36330 -25616
34235 -25133
32188 -24435
30140 -23941
28003 -23559
24778 -23332
21540 -22802
18314 -21808
15107 -21182
11917 -20810
9429 -20209
6919 -19916
5274 -19519
4575 -18942
4112 -18300
3750 -17585
3400 -16835
3105 -16157
2858 -15473
2516 -14924
2243 -14423
2012 -13927
1861 -13324
1769 -12764
1670 -12145
1630 -11575
1584 -11070
1489 -10595
1481 -10132
1488 -9671
1425 -9445
1404 -9228
1406 -9101
1431 -8978
1451 -8856
1451 -8738
1449 -8724
1454 -8751
1456 -8782
1444 -8888
1420 -9028
1402 -9190
1417 -9400
1482 -9642
1491 -10056
1474 -10477
1549 -10891
1625 -11473
1662 -12069
1750 -12658
1842 -13198
2004 -13898
2294 -14525
2663 -15144
2997 -15815
3302 -16650
3679 -17443
4050 -18192
4499 -18854
5049 -19349
7491 -19557
9925 -20400
13268 -21026
17880 -21638
22542 -22954
27529 -23512
32854 -24681
38412 -25563
44041 -24743
50026 -22135
55801 -18871
60400 -13837
64006 -7807
67854 -1126
71416 5866
74553 14130
79374 22333
84375 29640
88512 37319
91782 44685
95097 50612
97447 56373
99320 61416
99944 64500
100190 67414
100398 69359
99612 71210
98798 72896
97479 74216
96141 75488
94755 76729
93271 77695
91124 78310
88861 78702
86559 78997
83336 79231
79960 79663
75489 80089
70726 80507
65227 81721
59755 82897
54264 84360
48914 86004
43351 87738
38831 88296
35103 89258
31564 89864
28168 90348
25416 90610
23210 90846
20960 91041
19059 91039
17337 90912
15661 90639
14025 90372
12434 90113
10884 89793
9151 89403
6912 88901
4607 88282
2353 87569
551 86890
-1430 86195
-3285 85454
-4722 84919
-5312 84693
-5949 84465
-6647 84241
-7713 83917
-8490 83667
-9269 83412
-10252 83154
-11037 82985
-11753 82850
-9898 83245
-8072 83810
-6157 84401
-4049 85159
-1868 86029
-62 86669
1675 87340
2981 87776
4283 88186
5836 88625
7910 89143
10072 89604
11411 89902
12507 90125
13662 90317
15024 90527
15092 90538
15165 90549
15446 90599
15519 90613
16628 90815
17409 90919
17986 90960
18126 90970
18913 91034
19943 91059
21539 91013
23503 90814
25489 90597
27955 90377
30617 90016
32929 89643
35311 89211
37686 88575
40337 88053
43050 87796
45412 87120
47981 86313
50593 85480
53253 84616
56511 83744
60036 82838
63609 82011
66510 81453
69007 80780
71683 80411
74189 80181
76673 80039
79001 79778
81223 79496
83228 79250
83588 79191
83738 79171
83887 79155
84179 79143
84541 79119
84796 79089
85004 79074
85177 79070
85343 79067
85898 79059
86348 79021
86662 78986
87041 78956
87346 78929
87634 78904
87917 78883
88118 78858
87977 78879
87883 78884
87791 78893
87728 78896
87663 78901
87604 78907
87541 78910
87476 78917
87412 78924
87213 78943
86451 79010
85775 79058
85131 79069
84670 79106
84224 79144
83786 79164
83004 79285
81492 79466
79903 79670
78583 79840
77138 79991
75708 80090
73914 80225
71959 80386
70121 80612
68262 80970
66128 81531
63914 81967
62432 82269
61937 82391
61500 82500
61139 82591
60722 82689
60259 82786
59868 82874
59311 82980
58568 83164
57843 83372
57219 83563
56732 83687
57167 83578
57583 83454
58156 83276
58466 83191
57894 83356
57378 83519
56787 83674
56296 83806
55964 83894
55695 83963
55592 83993
55063 84168
53933 84446
52802 84757
51902 85024
51114 85299
50294 85585
49461 85852
49226 85912
49271 85901
49797 85751
50346 85566
51209 85267
52009 84986
52690 84790
53312 84601
53081 84665
52747 84775
52290 84907
51796 85059
51023 85331
50142 85638
49179 85926
48283 86209
47897 86343
47544 86474
47304 86553
47111 86622
47451 86506
47857 86360
48373 86178
49602 85807
50877 85381
52233 84922
53658 84517
55171 84137
56620 83715
57737 83405
58825 83088
59814 82885
60901 82648
61687 82452
62494 82254
63485 82032
64471 81880
65805 81596
66949 81362
67619 81178
68608 80876
69894 80645
71400 80434
73089 80314
74466 80143
75544 80091
76616 80043
77660 79934
78708 79822
79176 79749
79521 79715
80068 79643
80177 79626
79292 79737
78397 79864
77080 79996
75763 80089
74080 80201
71794 80402
69554 80687
67498 81213
65104 81745
62679 82209
60316 82772
58050 83306
55490 84028
52969 84700
50780 85413
48504 86133
46332 86859
44049 87585
41668 87989
39289 88203
36893 88802
34696 89347
32996 89632
33677 89534
34965 89289
36378 88953
37821 88540
40148 88073
42504 87896
43762 87651
45115 87228
47014 86655
49136 85936
51352 85215
53827 84475
56240 83822
59088 83027
62310 82300
65354 81692
67853 81102
70343 80577
73030 80317
75652 80091
78082 79896
80281 79609
82418 79358
84272 79140
86094 79052
87380 78927
88664 78745
89530 78577
90280 78465
90695 78409
90725 78403
90543 78439
90211 78475
89690 78558
89192 78640
88413 78807
86939 78964
84583 79114
82179 79384
79349 79731
76560 80051
73809 80244
71060 80463
68376 80938
65675 81624
62126 82344
58001 83322
54492 84310
51259 85248
48595 86106
45996 86952
43588 87690
41431 88002
39162 88227
36827 88821
34495 89387
32594 89695
30752 89999
29277 90203
28098 90356
27513 90417
27137 90445
26067 90530
25272 90632
24021 90756
22748 90899
21247 91027
20236 91058
19794 91058
19349 91051
18987 91037
19496 91054
19870 91059
20383 91055
22065 90972
23946 90764
25775 90560
27438 90421
28865 90259
30221 90071
31430 89889
32794 89664
34427 89399
36764 88840
39352 88191
44272 87529
49365 85876
54152 84389
59034 83040
63730 81990
68435 80924
72641 80330
76219 80072
79794 79683
83118 79268
85978 79059
88175 78849
90078 78492
91841 78098
93248 77703
94420 77034
95311 76347
96048 75609
96657 74865
97296 74367
97852 73883
98346 73408
98762 72934
99118 72465
99270 72180
99414 71901
99534 71633
99611 71363
99609 71095
99584 70837
99632 70580
99770 70307
99941 70021
100153 69720
100352 69440
100456 68965
100441 68402
100230 67631
99920 64319
98988 59793
96445 54011
93627 47693
90276 41423
87087 34497
83586 27861
79040 21957
75273 15912
72599 9157
69997 2395
66916 -2799
63892 -7992
60901 -13088
57805 -16860
54417 -19993
50941 -21831
47504 -23378
44469 -24646
41603 -25128
38712 -25526
35951 -25593
33205 -24785
30542 -23995
27619 -23521
23889 -23144
20112 -22477
17717 -21584
15325 -21194
12961 -20977
10821 -20615
9498 -20241
8948 -19856
8540 -19567
8142 -19419
7794 -19409
7453 -19612
7190 -19862
6906 -19919
6638 -19942
6435 -19970
6326 -20010
6227 -20023
6112 -20024
6007 -20000
5909 -19973
5820 -19940
5699 -19881
5608 -19822
5518 -19760
5441 -19705
5431 -19693
5481 -19734
5539 -19774
5595 -19814
5671 -19865
5775 -19919
5858 -19955
5923 -19978
5991 -19998
6050 -20009
6035 -20005
5897 -19967
5760 -19909
5622 -19830
5493 -19743
5401 -19660
5311 -19561
5220 -19466
5149 -19417
5081 -19376
5019 -19330
4937 -19280
4949 -19288
5011 -19324
5061 -19357
5126 -19405
5184 -19439
5249 -19492
5259 -19500
5268 -19509
5321 -19571
5383 -19640
5468 -19723
5571 -19796
5685 -19874
5832 -19946
5950 -19989
6064 -20011
6182 -20027
6294 -20014
6419 -19977
6541 -19944
6698 -19944
6880 -19923
7086 -19888
7270 -19821
7375 -19723
7446 -19625
7514 -19528
7612 -19440
7711 -19413
7811 -19407
7913 -19407
8046 -19411
8236 -19429
8522 -19558
8916 -19829
9385 -20188
10508 -20542
12069 -20841
13672 -21069
15217 -21188
16504 -21337
17799 -21612
19163 -22145
20455 -22565
21753 -22844
23118 -23016
24477 -23260
25710 -23446
26842 -23477
27764 -23535
28463 -23636
29023 -23753
29589 -23846
30093 -23936
30408 -23972
30719 -24022
31259 -24144
31840 -24314
32427 -24534
33085 -24746
33671 -24924
33986 -25033
33629 -24913
33125 -24759
32350 -24504
31565 -24236
30321 -23962
28739 -23690
26978 -23481
24908 -23354
22627 -22963
20412 -22554
18483 -21868
16580 -21350
14335 -21119
12259 -20872
10480 -20537
9407 -20199
8932 -19843
8556 -19580
8211 -19424
7868 -19409
7570 -19475
7303 -19795
6994 -19906
6670 -19942
6355 -20000
6101 -20022
5845 -19951
5634 -19838
5455 -19716
5347 -19599
5232 -19473
5104 -19393
4982 -19306
4879 -19242
4777 -19181
4724 -19145
4673 -19081
4615 -18996
4553 -18918
4452 -18782
4371 -18670
4298 -18579
4207 -18455
4029 -18146
3842 -17787
3669 -17420
3529 -17109
3351 -16745
3190 -16390
3066 -16037
2984 -15771
2925 -15603
2957 -15689
3024 -15922
3148 -16291
3293 -16626
3431 -16900
3558 -17169
3607 -17289
3655 -17398
3582 -17228
3510 -17069
3448 -16942
3390 -16813
3284 -16604
3112 -16184
3007 -15860
2906 -15561
2835 -15428
2764 -15304
2800 -15364
2847 -15451
2943 -15647
3075 -16059
3245 -16512
3419 -16880
3590 -17250
3738 -17562
3867 -17847
4017 -18124
4182 -18420
4286 -18560
4383 -18687
4482 -18826
4597 -18969
4694 -19109
4789 -19190
4973 -19299
5173 -19433
5363 -19618
5561 -19788
5714 -19889
5871 -19959
6022 -20002
6168 -20029
6338 -20004
6509 -19947
6715 -19946
6965 -19910
7226 -19849
7358 -19741
7469 -19591
7589 -19463
7781 -19409
7997 -19410
8406 -19492
8848 -19784
9343 -20164
10454 -20532
11996 -20827
14257 -21114
16659 -21365
18988 -22078
21414 -22777
24116 -23186
26654 -23483
29211 -23786
31609 -24248
33911 -25003
36249 -25612
38542 -25546
40878 -25188
43562 -24848
46276 -23997
49045 -22573
51930 -21430
54748 -19745
57566 -17074
60516 -13654
63159 -9186
65978 -4600
68893 420
71301 5449
73166 10502
75000 15119
76923 19201
79820 22846
82749 26321
84546 30023
86610 33629
88461 37217
90240 41342
92181 45493
94333 48876
95651 52164
96774 54869
97863 57234
98941 59610
99446 61934
99907 64258
100117 66294
100287 67841
100457 68981
100132 69750
99667 70510
99614 71269
99354 72013
98960 72695
98451 73299
97815 73916
97051 74541
96319 75295
95715 76028
94775 76711
93835 77441
92434 77933
90858 78370
88970 78680
86973 78960
83440 79213
79463 79719
75055 80098
70615 80526
66190 81518
61812 82420
57635 83438
53543 84544
49844 85737
46381 86846
43291 87750
40211 88067
37282 88688
34562 89374
32186 89764
31294 89917
30488 90037
30553 90026
31022 89963
31226 89930
31362 89904
31770 89830
32659 89685
34086 89461
36251 88993
38362 88412
40893 88021
43529 87704
46187 86899
48727 86065
51305 85231
54433 84321
57791 83391
61256 82562
64288 81916
67377 81253
70065 80619
73260 80304
76161 80076
79058 79768
82121 79389
84496 79122
86800 78972
88916 78693
90758 78396
92547 77906
93884 77414
94966 76554
95996 75680
97003 74573
98017 73729
98814 72876
99541 71614
99998 69952
100216 67555
100019 65142
99576 62693
99094 60243
97915 57349
96558 54299
95176 50852
93230 47117
91158 43312
89235 39257
87260 34794
84622 30220
82124 25447
78857 21752
76191 17989
74421 13778
72703 9373
71126 4954
68799 303
66121 -4345
63740 -8240
61458 -12038
59201 -15474
56902 -17724
54636 -19835
52201 -21297
49797 -22225
47927 -23166
46073 -24068
44351 -24674
42748 -25041
41234 -25151
40322 -25268
39835 -25374
39437 -25452
39024 -25503
38366 -25568
37655 -25649
36835 -25632
35909 -25591
35141 -25466
34344 -25177
33504 -24873
32464 -24550
31436 -24198
30277 -23957
28837 -23711
26699 -23481
24519 -23271
22502 -22949
20631 -22607
18858 -22024
17017 -21438
15029 -21176
13075 -20996
11217 -20695
9834 -20369
9132 -20029
8749 -19712
8458 -19521
8177 -19421
7978 -19410
7824 -19408
7739 -19412
7686 -19417
7652 -19423
7642 -19425
7663 -19419
7723 -19414
7940 -19409
8191 -19421
8571 -19591
9095 -19997
9954 -20411
10970 -20651
12374 -20885
13865 -21088
15528 -21205
17142 -21458
18648 -21935
20282 -22519
21927 -22867
23625 -23093
24952 -23361
26150 -23481
27204 -23490
28325 -23606
28883 -23722
29494 -23829
30001 -23920
30586 -24003
31349 -24170
32104 -24406
32625 -24606
33247 -24797
33791 -24959
34200 -25120
34452 -25220
34656 -25302
34894 -25388
35218 -25484
35784 -25573
36879 -25632
38090 -25606
39474 -25444
40756 -25204
42164 -25103
43640 -24829
45144 -24388
46594 -23860
48218 -23019
49912 -22178
52127 -21335
54270 -20090
56566 -18096
58937 -15789
61393 -12166
63760 -8204
66725 -3199
69837 1992
72233 8245
74719 14516
77940 20595
81652 24826
84862 30728
88170 36601
90721 42405
93285 47203
95596 52019
97623 56745
99233 60868
99841 63780
100119 66536
100383 68110
100454 68850
100414 69316
100289 69514
100161 69707
100044 69890
99907 70060
99838 70189
99773 70298
99727 70406
99674 70495
99638 70572
99617 70611
99611 70620
99606 70628
99620 70605
99650 70545
99694 70460
99747 70373
99787 70257
99864 70144
99947 70013
100094 69812
100226 69595
100390 69375
100450 69154
100453 68901
100454 68618
100303 67900
100120 66459
99861 63909
99299 61303
98459 58387
97025 55377
95633 52118
94126 48449
91892 44940
89956 40798
88101 36451
85432 31674
83002 26768
79154 22079
75844 17316
73831 12160
71804 7024
69803 1910
66830 -2969
63984 -7843
61213 -12551
58385 -16329
55555 -19075
52770 -20993
49950 -22164
47615 -23323
45304 -24341
43130 -24961
41036 -25165
39283 -25478
37573 -25652
35866 -25585
34308 -25163
32701 -24632
30992 -24075
28141 -23575
25042 -23374
21842 -22857
18904 -22040
16162 -21287
13631 -21063
11327 -20710
9545 -20263
8898 -19816
8491 -19539
8248 -19431
8168 -19422
8117 -19417
8069 -19414
8022 -19413
8032 -19413
8057 -19413
8156 -19421
8291 -19444
8665 -19650
9061 -19967
9646 -20301
10877 -20631
12532 -20905
14296 -21117
16274 -21304
18232 -21773
20153 -22489
22151 -22896
23934 -23151
25132 -23383
25837 -23459
26467 -23484
27025 -23483
27437 -23503
27481 -23506
27114 -23487
26420 -23485
25496 -23416
24561 -23283
23584 -23085
22706 -22971
21582 -22812
20761 -22634
19792 -22367
18817 -22006
17840 -21624
16777 -21389
15664 -21217
14631 -21150
13430 -21047
12221 -20867
11440 -20723
10848 -20623
10732 -20594
10938 -20645
11797 -20781
12650 -20922
13511 -21055
14485 -21132
15361 -21194
15877 -21245
16310 -21308
16698 -21372
16859 -21405
16899 -21413
16937 -21421
16978 -21429
17347 -21492
17553 -21540
18273 -21790
19208 -22164
20069 -22467
20717 -22626
21456 -22787
22105 -22891
22415 -22938
22584 -22958
22196 -22906
21709 -22837
21159 -22718
20543 -22588
20894 -22660
21496 -22794
22371 -22933
23206 -23027
23412 -23058
23715 -23109
24072 -23175
24693 -23313
25273 -23392
25792 -23455
26330 -23482
26511 -23484
26013 -23474
25363 -23400
24651 -23304
23247 -23030
21369 -22770
19669 -22323
18114 -21729
16541 -21345
14956 -21169
13309 -21032
11675 -20755
10170 -20481
9363 -20175
8881 -19806
8441 -19510
8010 -19412
7699 -19415
7605 -19448
7549 -19491
7497 -19548
7462 -19601
7422 -19656
7396 -19695
7388 -19705
7381 -19712
7402 -19686
7438 -19634
7476 -19578
7505 -19538
7527 -19511
7532 -19504
7542 -19498
7562 -19478
7597 -19454
7623 -19433
7675 -19417
7765 -19410
7988 -19409
8332 -19456
8782 -19737
9268 -20120
10317 -20513
12453 -20895
14920 -21165
17263 -21478
19626 -22307
22063 -22882
24607 -23293
26934 -23478
29258 -23795
31216 -24131
33164 -24773
35106 -25459
37279 -25647
39584 -25424
42036 -25108
44616 -24591
47210 -23536
49874 -22193
53072 -20831
56282 -18403
59480 -15162
62517 -10142
65722 -5101
68923 460
71532 6286
73917 12412
76285 18155
80308 23434
84186 29188
87285 34837
89847 40604
92506 45990
95262 51102
97174 55720
99006 59860
99820 63644
100093 66948
99805 70232
99024 72602
97871 73868
96510 75048
95368 76314
94191 77220
92254 77988
90143 78485
86730 78978
81827 79424
76447 80060
71005 80468
65480 81665
59926 82863
54546 84296
49093 85949
43820 87637
38634 88347
33883 89497
29141 90223
24471 90716
19572 91054
14672 90475
9927 89570
5696 88583
1742 87364
-2086 85938
-5882 84489
-10470 83104
-15085 82299
-18867 81658
-23032 81043
-27605 80205
-32312 79719
-35998 79559
-39694 79812
-43572 80194
-48085 80515
-52919 80958
-57582 81349
-61923 82204
-65498 82468
-67897 82612
-69800 82590
-70703 82577
-71123 82588
-71267 82584
-71406 82578
-70501 82571
-69584 82598
-68517 82619
-66641 82564
-64619 82430
-61737 82169
-58528 81497
-55021 81117
-51420 80869
-47819 80481
-44263 80240
-40611 79934
-36642 79568
-32551 79695
-28042 80158
-23797 80906
-18293 81739
-12387 82725
-6858 84172
-1792 86055
3381 87906
8488 89262
13732 90328
19646 91057
25559 90589
32461 89719
39601 88144
47256 86571
55117 84155
63049 82125
71174 80451
78769 79814
85048 79073
91091 78317
94816 76674
96564 74974
98467 73282
99593 71453
100297 69505
100180 67378
100025 65200
99591 62802
99138 60400
98141 57840
96208 53413
94150 48497
91279 43570
88702 37752
85463 31716
82249 25614
78750 21626
75989 17604
74258 13339
72524 8994
70895 4296
68578 7
66208 -4194
63867 -8026
61570 -11831
59272 -15386
56483 -18193
53525 -20584
50420 -21996
47581 -23342
44801 -24519
42080 -25108
39321 -25470
36581 -25621
33871 -24989
31174 -24118
27814 -23541
24432 -23248
20983 -22674
17633 -21559
14411 -21127
11516 -20730
9248 -20107
7009 -19904
5356 -19608
4812 -19201
4321 -18608
3890 -17887
3487 -17029
3097 -16133
2727 -15234
2374 -14659
2042 -14008
1866 -13355
1757 -12684
1657 -12003
1611 -11308
1517 -10710
1480 -10114
1449 -9522
1424 -9011
1432 -8591
1467 -8230
1529 -7977
1597 -7761
1608 -7710
1602 -7744
1587 -7813
1534 -7963
1486 -8133
1461 -8300
1439 -8475
1454 -8795
1481 -9626
1509 -10668
1633 -11783
1808 -12992
2180 -14287
2884 -15518
3411 -16857
3961 -18019
4564 -18930
5372 -19628
7175 -19866
9210 -20082
11254 -20699
13471 -21052
15734 -21224
18039 -21699
20501 -22577
22948 -22994
25584 -23429
28188 -23584
30454 -23978
32018 -24376
33587 -24899
34964 -25414
36290 -25613
37786 -25639
39198 -25485
40482 -25242
41795 -25121
43261 -24927
44688 -24564
46197 -24027
47719 -23268
49324 -22426
51563 -21594
53840 -20392
56097 -18590
58225 -16479
60307 -13983
62040 -10960
63961 -7881
65929 -4700
67968 -929
70013 2434
71664 6656
73419 11156
75168 15569
77289 19743
80557 23724
83609 27909
86331 33097
88896 38327
91244 43500
94074 48360
95952 52881
97744 56989
99241 60930
99978 64747
100350 68027
99587 70825
98327 73425
96061 75591
93418 77639
90480 78448
86204 79038
80800 79541
75266 80091
69667 80672
64040 81950
58311 83233
52402 84876
46818 86716
40709 88029
34629 89360
29071 90231
23359 90832
17774 90945
12293 90086
6985 88917
1875 87412
-3512 85368
-10040 83209
-17475 81888
-24793 80736
-32152 79733
-39210 79756
-45734 80320
-52334 80927
-58843 81553
-62557 82287
-65966 82510
-69223 82603
-72195 82523
-74127 82292
-75846 82012
-77432 81655
-79070 81152
-80585 80686
-81268 80498
-81111 80537
-80850 80609
-80321 80766
-79786 80944
-79237 81103
-78177 81436
-77623 81598
-77245 81708
-76757 81831
-76694 81846
-77810 81548
-78725 81253
-79731 80963
-80428 80733
-81005 80566
-81421 80466
-80953 80580
-79126 81134
-77307 81691
-75438 82082
-73455 82386
-69439 82602
-65298 82457
-61037 82025
-56445 81218
-47614 80456
-38554 79690
-29235 80057
-20383 81469
-10684 83058
-772 86418
10001 89586
20600 91047
29954 90107
39227 88215
47815 86374
56074 83864
63976 81958
71848 80396
79632 79703
86486 79005
92056 78036
94989 76538
96638 74888
98435 73320
99528 71648
100308 69497
100153 67280
99995 64946
99527 62413
98950 59648
97465 56411
95667 52214
93680 47772
91141 43272
88835 38136
86216 32909
83515 27717
80034 23099
76508 18535
74398 13716
72330 8515
70522 3427
67999 -880
65566 -5380
63202 -9120
61051 -12836
58731 -15998
56427 -18255
54155 -20170
52404 -21191
50700 -21915
48844 -22676
47062 -23618
45875 -24137
44761 -24532
43800 -24794
42966 -25002
42474 -25078
42611 -25063
43479 -24869
44390 -24667
45264 -24351
46155 -24039
47025 -23640
47822 -23214
48885 -22653
50185 -22078
51769 -21504
53366 -20677
54972 -19565
56711 -17926
58414 -16296
60092 -14347
61784 -11445
63571 -8515
65642 -5244
67452 -1840
69636 1554
71252 5300
72845 9697
74442 13839
76017 17658
77981 20640
80177 23269
82282 25655
83750 28211
84904 30816
86433 33286
87713 35633
88880 38282
90020 40908
91261 43536
92479 45950
93850 48010
94732 49707
95367 51392
96000 52976
96650 54572
97272 55976
97900 57311
98475 58424
98912 59500
99164 60496
99337 61488
99512 62314
99700 63216
99846 63813
99932 64407
99994 64916
100043 65330
100084 65717
100106 65989
100116 66249
100123 66440
100125 66357
100115 66159
100104 65945
100081 65695
100048 65383
100001 65000
99950 64530
99877 64038
99796 63542
99639 63017
99497 62182
99305 61341
99148 60433
98921 59536
98558 58595
97997 57540
97427 56334
96837 54992
96228 53462
95560 51919
94980 50284
94222 48639
92926 46642
91699 44468
90545 41987
89284 39397
88194 36653
86989 34323
85640 31969
84252 29341
82979 26725
81431 24594
79561 22544
77607 20171
75933 17489
74509 14015
73055 10211
71468 6078
69853 2034
67803 -1221
66005 -4551
64354 -7217
62841 -9667
61442 -12071
60126 -14283
58879 -15847
57599 -17045
56456 -18223
55592 -19045
55301 -19290
55413 -19198
55870 -18813
56399 -18286
57109 -17514
57967 -16712
58908 -15818
59948 -14589
61099 -12749
62291 -10564
63696 -8306
65166 -6015
66675 -3312
68339 -356
69887 2116
71009 4623
71930 7401
72913 9863
73896 12350
74846 14786
75697 17037
76889 19147
78162 20868
79448 22417
80754 23930
81876 25115
82956 26683
83678 28057
84209 29241
84661 30319
85174 31294
85698 32057
85834 32285
85613 31927
85374 31593
85148 31251
84721 30462
84438 29786
84766 30553
85230 31383
85777 32191
86245 32956
86718 33826
87013 34368
87381 35021
87789 35780
88412 37115
89115 38944
89893 40683
90655 42233
91227 43465
91660 44381
91731 44556
91580 44208
91328 43676
91029 43041
90595 42095
90141 41140
89913 40723
89631 40180
89348 39570
89132 38987
89268 39350
89401 39698
89607 40135
89763 40440
89976 40833
90201 41261
90444 41767
90640 42199
90799 42582
90768 42512
90707 42371
90426 41733
90122 41101
90311 41505
90611 42132
90905 42806
91176 43349
90495 41878
89743 40400
89099 38901
88485 37269
88738 37849
89333 39529
90082 41021
90783 42545
91396 43819
91832 44810
92132 45405
91951 45069
91506 44044
90832 42653
90102 41062
89366 39614
88757 37898
88124 36502
87455 35166
86689 33778
86103 32716
85317 31510
84604 30171
83985 28736
83346 27392
82588 26077
81505 24671
80274 23391
79001 21919
77789 20406
76753 18927
75872 17373
75237 15798
74695 14462
74283 13404
73941 12475
73347 10973
72774 9534
72293 8410
71895 7292
71375 5708
70766 3978
69952 2278
68832 343
67665 -1459
66624 -3420
65749 -5051
65008 -6216
64163 -7532
63340 -8889
62450 -10272
61649 -11688
60999 -12932
60454 -13746
60023 -14468
59746 -14869
59667 -14960
59639 -14989
59793 -14807
60237 -14101
60706 -13372
61196 -12583
61817 -11376
62616 -9986
63549 -8547
64501 -6962
65490 -5517
66519 -3632
67530 -1697
68643 93
69744 1790
70558 3510
71269 5351
71724 6811
72113 7920
72478 8885
72800 9590
72936 9922
72960 9980
72821 9643
72573 9102
72253 8301
71913 7349
71331 5550
70611 3634
69653 1596
68128 -686
66700 -3255
65364 -5737
64028 -7769
62756 -9781
61628 -11723
60578 -13563
59692 -14930
59397 -15246
59177 -15506
59025 -15699
59452 -15190
59906 -14650
60436 -13776
61494 -11971
62555 -10078
63801 -8135
64913 -6339
66034 -4499
67128 -2410
68253 -496
69559 1390
70483 3348
71093 4855
71605 6496
71877 7238
72135 7973
72271 8354
72215 8192
71949 7455
71684 6706
71287 5399
70838 4156
70248 2920
69599 1475
68485 -121
67426 -1888
66179 -4244
65102 -6095
63940 -7918
62819 -9698
61706 -11579
60922 -13059
60380 -13867
60200 -14162
60059 -14408
59929 -14619
59816 -14778
59720 -14899
59885 -14681
60495 -13687
61181 -12612
61881 -11241
62798 -9725
63717 -8273
64556 -6877
65441 -5609
66235 -4145
67192 -2301
68161 -639
69165 761
69818 1950
70332 3079
70686 3801
70944 4436
71145 5003
71109 4904
70878 4249
70745 3931
70592 3593
70353 3117
70099 2626
70046 2510
70030 2474
70084 2588
70194 2811
70310 3038
70418 3235
70462 3310
70175 2775
69936 2240
69725 1754
69541 1349
69458 1187
69359 1033
69334 992
69222 836
69194 799
69134 725
69075 650
68770 263
68454 -167
67827 -1176
67068 -2521
66321 -3993
65540 -5425
64735 -6585
64070 -7691
63464 -8689
62717 -9838
62214 -10688
61727 -11546
61260 -12461
60818 -13216
60837 -13183
61067 -12808
61589 -11795
62400 -10369
63485 -8653
64581 -6835
65826 -4901
67099 -2466
68609 49
70119 2663
71059 4761
71786 6972
72457 8832
73234 10676
74076 12844
75022 15177
75962 17547
77187 19598
78611 21452
79999 23056
81355 24520
82645 26160
83773 28263
84816 30643
85951 32475
86942 34234
87930 36092
88820 38088
89582 40094
90514 41916
91361 43748
92083 45320
92717 46312
92900 46600
93086 46902
92951 46684
92744 46354
92106 45363
91433 43895
90668 42267
89720 40356
88931 38424
88149 36551
87136 34582
86188 32859
85021 31031
84009 28789
82910 26602
81579 24748
79857 22886
78196 20912
76648 18758
75454 16471
74487 13954
73501 11345
72502 8940
71587 6444
70707 3844
69480 1226
67720 -1363
66092 -4397
64823 -6462
63528 -8583
62272 -10595
61360 -12232
60749 -13308
60475 -13715
60326 -13954
60253 -14070
60418 -13808
60639 -13468
60962 -12997
61332 -12301
61766 -11479
62178 -10750
62535 -10109
62982 -9451
63319 -8922
63301 -8956
63137 -9218
63025 -9387
62921 -9548
62695 -9868
62364 -10434
62119 -10843
61950 -11114
61745 -11511
61863 -11274
61967 -11082
62062 -10932
62140 -10812
62468 -10238
62861 -9639
63282 -8989
63612 -8445
64093 -7651
64235 -7417
64283 -7340
64211 -7455
63779 -8169
63223 -9085
62658 -9927
62233 -10658
61801 -11410
61376 -12201
61016 -12899
60796 -13248
60942 -13026
61916 -11174
63180 -9153
64428 -7088
65878 -4799
67343 -2037
69044 615
70502 3388
71514 6234
72393 8673
73472 11282
74465 13897
75433 16415
76788 18982
78820 21712
81195 24365
83227 27177
84526 29975
86132 32764
87636 35494
88915 38374
90328 41543
91816 44768
93822 47970
95492 51722
96985 55290
98507 58491
99255 61063
99772 63445
100092 65815
100378 68095
100457 68718
100445 69187
100261 69548
100068 69857
99862 70152
99719 70416
99592 70661
99592 70912
99611 71170
99599 71435
99488 71736
99327 72061
99103 72488
98779 72916
98290 73463
97657 74054
96916 74643
96169 75456
95419 76278
94717 76769
94035 77324
93369 77659
92363 77952
91349 78245
89884 78523
88297 78829
86381 79020
84452 79125
82477 79353
79408 79725
75003 80098
70398 80568
65739 81612
61079 82606
56186 83835
51497 85161
46866 86704
42197 87943
37217 88708
33061 89620
28933 90252
24910 90675
21173 91032
17843 90950
14743 90485
11188 89854
7840 89125
4412 88226
1080 87105
-2013 85969
-4795 84892
-7640 83937
-10109 83190
-12823 82635
-15534 82224
-17969 81795
-20772 81415
-23572 80944
-26557 80351
-30123 79934
-34004 79597
-38150 79659
-42150 80117
-46301 80351
-50016 80756
-53831 81038
-57255 81299
-60641 81942
-63855 82395
-66920 82574
-69730 82594
-72269 82513
-74639 82204
-76819 81817
-78959 81186
-80899 80594
-82794 80093
-84589 79608
-85943 79345
-87279 79108
-88514 79000
-89410 78903
-90200 78808
-90569 78778
-90693 78761
-90755 78752
-90386 78795
-89778 78861
-89092 78943
-87969 79038
-86780 79180
-85329 79462
-83068 80019
-80052 80857
-77005 81771
-73232 82410
-69153 82607
-64982 82441
-60510 81913
-56035 81184
-51502 80874
-46858 80390
-42069 80109
-37443 79603
-32713 79678
-27678 80196
-22640 81118
-18131 81765
-13488 82515
-8839 83548
-4946 84833
-1136 86297
2495 87612
6407 88781
10662 89741
14883 90506
18698 91019
22596 90915
26522 90491
31156 89942
35928 89077
41191 88013
46722 86744
52119 84952
58516 83176
64786 81816
71118 80458
76849 80021
81943 79411
86698 78983
89753 78548
92569 77898
94837 76658
96758 74775
98679 73030
99593 70771
100098 66989
99279 61200
96121 53214
91930 45027
87308 34881
81234 24404
74599 14242
70628 3676
66349 -3941
62326 -10499
58699 -16028
55081 -19472
51439 -21647
47467 -23397
43216 -24939
38669 -25533
34270 -25148
29911 -23905
25227 -23388
20195 -22501
15290 -21192
10791 -20607
6950 -19912
4764 -19174
3497 -17047
2280 -14499
1655 -11981
1536 -9748
1659 -7484
1698 -6085
1041 -4734
477 -3379
105 -2332
15 -1480
-21 -694
-19 -562
-16 -547
-20 -575
-22 -603
-23 -629
-22 -656
-24 -669
-24 -681
-19 -706
-16 -730
-12 -760
13 -888
35 -1149
21 -1591
56 -2038
152 -2488
342 -3015
526 -3559
743 -4100
999 -4628
1209 -5140
1406 -5548
1590 -5891
1762 -6237
1861 -6599
1807 -6980
1670 -7425
1566 -7882
1456 -8354
1438 -8948
1462 -9566
1475 -10215
1544 -10868
1639 -11828
1777 -12820
1966 -13784
2411 -14728
2917 -15582
3202 -16414
3572 -17210
3924 -17951
4272 -18545
4666 -19068
5304 -19555
6761 -19946
9721 -20329
12727 -20938
16199 -21293
19709 -22335
23371 -23049
27070 -23487
30631 -24009
34381 -25191
38047 -25613
41875 -25117
45629 -24232
49366 -22408
53604 -20540
57459 -17170
60980 -12963
64377 -7174
68095 -733
71746 6866
75127 15456
80378 23513
85404 31634
89015 38668
92037 45238
95068 50521
97190 55766
99058 60083
99924 64346
100101 66668
100258 67760
100415 68212
100452 68545
100456 68813
100456 69060
100418 69302
100272 69536
100124 69764
99976 69981
99827 70204
99702 70449
99595 70652
99585 70851
99602 71042
99613 71231
99602 71417
99548 71595
99473 71775
99392 71946
99304 72112
99260 72204
99206 72312
99133 72440
99057 72556
98868 72819
98518 73228
98131 73618
97773 73949
97364 74309
96797 74742
96184 75440
95565 76167
94571 76901
93534 77577
91906 78081
90177 78481
88265 78836
86240 79033
83540 79198
80749 79549
77957 79906
74635 80124
71233 80447
67796 81122
63361 82058
58879 83076
54376 84336
49895 85722
45460 87102
40462 88044
36316 88972
32255 89752
28310 90332
24763 90689
21614 91009
18556 91009
15873 90677
13229 90246
10809 89776
8197 89203
5207 88451
2281 87550
-132 86645
-2458 85782
-4425 85025
-6227 84378
-7931 83854
-9623 83316
-11109 82972
-12604 82678
-14033 82441
-15159 82286
-16285 82106
-17391 81904
-17725 81842
-16594 82056
-15460 82236
-14418 82396
-13414 82527
-11896 82820
-9827 83264
-7858 83876
-5743 84537
-3669 85309
-1502 86167
815 86993
3115 87822
5555 88545
8053 89172
10516 89710
12872 90194
12221 90073
11561 89938
10959 89808
10588 89727
10146 89624
8934 89355
7632 89075
6840 88883
5767 88605
4672 88301
4029 88108
3445 87926
3049 87798
3312 87883
3510 87950
3769 88030
2843 87730
1940 87437
418 86839
-1355 86219
-1209 86271
-202 86620
485 86865
1414 87238
2567 87637
3705 88010
5071 88411
7205 88971
9502 89477
11709 89973
13804 90337
15307 90575
16767 90837
18413 90996
20018 91058
21990 90980
24173 90743
26599 90485
29210 90213
32392 89728
35659 89139
38566 88363
41488 87997
44434 87483
47403 86520
50242 85600
53139 84648
56565 83728
60203 82797
64101 81943
68145 81005
72132 80372
75818 80090
79118 79759
82239 79377
84754 79095
87077 78953
88814 78709
90313 78461
91479 78204
92480 77921
93319 77678
93788 77464
94239 77183
94698 76789
95149 76444
95632 76110
96128 75507
96618 74908
97099 74510
97559 74147
98033 73712
98485 73262
98899 72781
99090 72510
99197 72331
99281 72158
99366 71991
99438 71857
99497 71719
99573 71507
99614 71289
99607 71076
99591 70894
99593 70667
99712 70427
99846 70180
100014 69931
100210 69621
100444 69200
100451 68561
100291 67859
100121 66477
99953 64562
99547 62546
99122 60339
97979 57503
96482 54109
94619 49490
91749 44598
89220 39213
86510 33429
83561 27812
79751 22761
76047 17714
73807 12095
71550 6337
69385 1072
66150 -4294
62964 -9485
60076 -14378
56540 -18127
52686 -21043
48691 -22764
44838 -24502
41079 -25161
37491 -25652
33949 -25020
30231 -23952
26283 -23483
22287 -22920
18190 -21759
14181 -21108
10399 -20527
6792 -19942
5038 -19343
4418 -18736
3996 -18084
3518 -17088
3011 -15882
2435 -14772
1928 -13632
1709 -12443
1621 -11390
1473 -10457
1452 -9533
1441 -8666
1504 -8050
1592 -7794
1653 -7543
1677 -7387
1718 -7209
1741 -7120
1788 -7027
1814 -6966
1840 -6868
1859 -6778
1866 -6680
1855 -6569
1832 -6425
1774 -6277
1663 -6020
1456 -5636
1256 -5246
1093 -4856
951 -4494
825 -4257
894 -4374
979 -4561
1068 -4796
1166 -5034
1303 -5355
1468 -5655
1625 -5955
1769 -6257
1854 -6554
1864 -6729
1828 -6915
1748 -7104
1684 -7348
1639 -7600
1577 -7845
1476 -8191
1434 -8556
1425 -8995
1431 -9481
1486 -10087
1537 -10824
1645 -11872
1803 -12963
2074 -14084
2646 -15119
3123 -16212
3622 -17330
4146 -18359
4750 -19165
7040 -19897
10229 -20493
13906 -21089
18075 -21715
22458 -22945
27159 -23489
31886 -24330
37190 -25641
42565 -25069
47432 -23415
52281 -21256
57072 -17551
61511 -11937
65775 -5003
70377 3156
74012 12660
78927 21834
84139 29090
88052 36347
91297 43604
94481 49194
96700 54704
98900 59460
99536 62479
100060 65461
100315 67936
100442 68366
100458 68793
100452 69123
100345 69449
100180 69677
100027 69910
99874 70114
99768 70318
99660 70528
99592 70741
99595 70940
99610 71132
99611 71383
99555 71578
99480 71756
99403 71926
99250 72226
99073 72531
98851 72838
98583 73149
98307 73444
97984 73762
97676 74036
97319 74348
96961 74607
96425 75171
95854 75860
95122 76459
94373 77068
93463 77615
91936 78072
89951 78513
87315 78934
82826 79310
77777 79925
72190 80364
66447 81468
60607 82715
54779 84239
48960 85989
43230 87762
37480 88632
32325 89739
26908 90461
21689 91004
16281 90758
11034 89822
6117 88703
1807 87388
-2536 85753
-6716 84218
-11252 82943
-15908 82169
-20539 81447
-25104 80671
-29971 79955
-35363 79574
-40697 79945
-45520 80304
-50472 80802
-55448 81141
-58372 81470
-61103 82042
-62743 82305
-63731 82387
-63541 82368
-61675 82159
-59604 81708
-57420 81324
-54594 81086
-51261 80858
-48153 80521
-43955 80219
-39855 79830
-35838 79561
-31600 79785
-27394 80228
-23112 81030
-18950 81647
-14791 82342
-10540 83089
-6785 84196
-3136 85513
1015 87076
4938 88373
8861 89341
12799 90179
16983 90866
21321 91024
25704 90571
30422 90045
35035 89272
39541 88155
45660 87042
51450 85178
57325 83533
63547 82023
69780 80657
75433 80090
80956 79524
85388 79064
89469 78589
92027 78045
94112 77272
95069 76490
95983 75697
96816 74729
97618 74091
98401 73356
99172 72374
99877 70109
100095 66805
99689 63181
98877 59387
96816 54950
94641 49534
91380 43784
88028 36297
83844 28421
78128 20825
73559 11472
69013 577
62778 -9754
56803 -17826
50982 -21816
43601 -24838
36750 -25627
29820 -23887
22746 -22973
17057 -21443
11290 -20707
7236 -19841
4462 -18798
3702 -17492
2970 -15732
2218 -14369
1800 -12935
1629 -11534
1475 -10198
1416 -9047
1497 -8081
1728 -7174
1795 -6329
1433 -5592
1103 -4879
714 -4032
401 -3153
99 -2309
17 -1526
-13 -746
-23 -617
-10 -524
7 -441
11 -402
14 -375
14 -361
12 -389
9 -427
-2 -481
-15 -534
-23 -588
-23 -642
-16 -719
-7 -793
16 -899
29 -1180
26 -1634
62 -2117
187 -2617
411 -3178
614 -3792
853 -4305
1113 -4900
1381 -5499
1685 -6061
1834 -6899
1635 -7622
1452 -8388
1415 -9386
1476 -10529
1650 -11913
1872 -13384
2557 -14990
3326 -16699
4101 -18278
5116 -19400
7124 -19878
9804 -20360
12573 -20909
15593 -21211
18608 -21919
21625 -22822
25626 -23434
29447 -23821
32930 -24701
36417 -25619
40077 -25325
44078 -24735
48291 -22979
52362 -21211
56343 -18344
59614 -15017
62676 -9896
65901 -4751
69412 1109
72156 8026
74899 14897
78785 21671
82933 26645
86012 32571
88998 38620
91765 44641
94901 50091
97081 55503
99236 60899
100115 66140
99591 70713
98200 73551
95733 76004
93007 77785
89854 78529
84879 79083
79849 79677
74899 80104
69952 80635
65041 81760
59475 82951
53988 84431
48460 86149
42565 87885
36635 88875
31090 89951
26142 90524
21029 91039
15731 90651
10367 89674
5348 88488
685 86940
-3975 85187
-9053 83477
-14342 82406
-19748 81553
-25844 80503
-31834 79764
-37598 79616
-43263 80179
-49033 80614
-54253 81066
-58683 81525
-62116 82235
-65043 82443
-67690 82612
-70228 82572
-72491 82488
-74563 82215
-76372 81916
-78054 81475
-79837 80926
-81625 80422
-82691 80122
-83646 79842
-84242 79682
-83125 80003
-81827 80371
-80377 80748
-78842 81220
-77186 81725
-75508 82072
-73753 82354
-71904 82548
-69872 82586
-67829 82612
-65765 82489
-63352 82353
-60836 81983
-57665 81362
-53584 81014
-49308 80656
-45447 80297
-41911 80093
-38311 79671
-34811 79587
-31294 79816
-28708 80109
-26208 80425
-23722 80919
-21236 81348
-18619 81692
-15759 82193
-12459 82708
-8631 83618
-5019 84804
-1573 86141
1212 87160
4092 88127
7131 88954
10221 89641
12362 90100
14458 90441
16350 90771
18268 90983
20670 91046
23284 90838
25846 90553
28661 90289
31632 89850
34828 89321
37888 88526
40954 88022
44107 87570
47160 86606
50495 85515
54319 84346
58412 83203
62805 82180
66698 81413
70779 80499
74794 80109
78520 79850
81008 79518
83489 79205
85856 79057
87695 78899
89343 78610
90955 78348
91965 78064
92661 77870
92980 77793
93129 77744
93154 77736
93106 77753
93031 77779
92952 77801
92848 77825
92711 77856
92502 77916
92199 78001
91772 78117
91284 78262
90632 78424
89820 78536
89022 78673
88235 78838
87247 78941
86168 79043
84316 79139
82298 79371
79576 79710
76732 80034
73861 80233
70836 80489
68203 80988
65546 81653
62189 82329
58722 83119
55644 83977
52916 84721
50546 85498
48638 86093
46965 86671
45559 87071
44635 87422
43705 87664
42626 87876
41251 88011
39847 88111
38022 88490
36445 88933
37089 88744
37754 88558
38765 88313
40086 88079
41134 88014
42082 87956
42746 87853
43411 87727
43993 87600
44780 87368
45611 87056
46526 86804
47639 86440
48773 86050
50092 85656
51694 85092
53196 84631
54950 84199
56676 83699
58259 83246
59532 82938
60843 82661
62371 82283
64226 81924
66064 81545
67970 81063
69723 80664
71570 80420
73375 80297
74244 80174
74688 80117
75109 80095
74579 80130
74024 80208
72585 80335
71289 80442
70175 80606
69281 80733
68895 80804
68551 80894
69392 80713
70669 80517
71737 80406
72693 80326
73703 80259
74135 80190
74298 80165
73486 80288
71512 80423
69499 80695
67910 81083
66319 81493
64596 81855
62743 82194
60963 82635
59366 82970
57687 83424
55855 83924
54042 84417
52175 84937
50446 85532
49317 85889
48239 86224
47353 86536
46479 86818
45950 86964
45511 87086
45263 87175
45019 87267
44875 87329
44972 87287
45066 87246
45361 87137
45710 87028
46043 86941
46624 86773
47208 86588
48107 86269
49414 85863
50687 85445
52065 84968
53484 84558
55278 84102
57009 83622
58775 83103
60093 82825
61315 82545
62987 82138
64915 81787
66886 81376
68666 80862
70892 80483
73145 80312
75322 80090
77432 79957
79686 79696
81884 79418
83689 79177
85301 79067
86835 78970
88034 78872
88468 78791
88790 78717
89108 78656
89405 78599
89786 78543
90111 78488
89918 78519
89562 78573
89221 78635
88889 78696
88609 78758
88327 78826
87758 78895
86869 78971
85430 79065
83936 79154
80698 79555
76790 80027
72861 80324
68724 80845
64534 81868
60147 82812
56020 83879
51849 85041
47939 86329
44161 87558
40273 88060
37549 88614
35382 89198
33330 89585
30955 89972
28730 90277
27213 90439
25920 90545
24838 90683
23796 90780
24617 90701
25993 90537
27363 90430
28799 90270
30356 90056
31978 89797
33746 89522
35993 89059
38159 88458
40399 88050
42868 87826
45213 87192
47498 86490
49993 85693
53369 84586
56843 83661
60784 82675
65289 81708
69835 80651
74354 80156
78829 79807
82356 79364
85516 79061
88582 78764
90449 78451
91739 78127
92793 77838
93486 77603
93958 77372
94398 77051
94738 76750
95094 76476
95495 76221
95753 75983
95807 75922
95838 75879
95870 75839
96021 75644
96285 75333
96528 75022
96738 74791
96893 74659
96696 74826
96353 75257
95970 75713
95541 76183
94856 76638
94214 77200
93762 77478
93200 77721
92309 77968
91382 78233
90014 78503
88553 78771
85734 79058
82536 79345
79234 79743
74412 80149
69447 80703
64411 81893
59198 83003
53880 84460
48869 86020
43937 87612
38966 88266
35172 89242
31703 89841
28240 90340
24983 90667
21839 90992
18840 91029
15941 90691
13158 90235
10294 89657
7417 89027
4542 88265
1612 87315
-991 86348
-4123 85132
-7354 84021
-10612 83073
-13880 82462
-16983 81986
-20145 81499
-23946 80881
-27751 80187
-31913 79755
-36079 79559
-40357 79901
-44336 80245
-48222 80530
-51179 80854
-54083 81055
-56771 81244
-59308 81648
-61612 82145
-63668 82381
-64115 82409
-63792 82392
-63228 82344
-62619 82295
-61988 82215
-61234 82069
-60173 81838
-59000 81585
-57823 81387
-56281 81203
-54424 81077
-52419 80931
-49726 80719
-47200 80415
-44411 80248
-41599 80058
-38719 79703
-36480 79563
-34486 79593
-32949 79651
-31678 79778
-30355 79907
-29381 80041
-28410 80127
-27465 80220
-26903 80291
-26486 80367
-26064 80456
-25253 80640
-24951 80702
-25027 80689
-25990 80473
-26972 80282
-27967 80166
-28859 80099
-29307 80047
-29530 80023
-29007 80083
-28116 80153
-26764 80315
-25552 80571
-24327 80813
-22875 81070
-21389 81332
-20066 81511
-18785 81667
-17557 81871
-16059 82144
-14494 82386
-12675 82663
-10753 83043
-9123 83457
-7571 83959
-4871 84864
-2383 85814
74 86715
2776 87708
5626 88566
8416 89250
11263 89868
13591 90306
15588 90625
17481 90926
20163 91058
23058 90863
26293 90509
29547 90166
33195 89601
37153 88724
42140 87950
47063 86638
51954 85006
57062 83608
62064 82360
67131 81318
72073 80377
76908 80015
81549 79461
84031 79150
86278 79029
88006 78875
89051 78668
90048 78498
90664 78416
90990 78340
91253 78274
91544 78185
91805 78108
92141 78016
92387 77945
92525 77910
92615 77886
92410 77938
92170 78009
91446 78216
90602 78428
89594 78568
88384 78814
87144 78948
85090 79070
82767 79316
79741 79689
76274 80069
72748 80326
68783 80829
64349 81905
59700 82906
55386 84065
51400 85195
47593 86456
43646 87677
39663 88136
35590 89156
31499 89875
27734 90399
23872 90771
20090 91058
16487 90794
12943 90206
9572 89491
6480 88798
3577 87969
882 87018
-1648 86112
-4348 85051
-7068 84104
-9691 83301
-12178 82768
-13337 82542
-14265 82413
-15308 82261
-16439 82083
-17806 81826
-19111 81626
-20461 81458
-21782 81281
-23189 81015
-24638 80764
-25919 80489
-27182 80253
-28484 80121
-29675 80002
-30200 79925
-30662 79875
-30978 79848
-31056 79840
-31135 79833
-31369 79808
-30898 79854
-29820 79981
-28560 80118
-27113 80263
-25403 80604
-23495 80959
-21703 81292
-19511 81578
-17310 81920
-15233 82274
-12969 82611
-9968 83229
-6927 84149
-3591 85340
-414 86546
2707 87683
6189 88722
9714 89521
13376 90269
17121 90887
21101 91034
25630 90579
30289 90062
34898 89306
39478 88167
44682 87404
49747 85765
55007 84185
60490 82737
66256 81506
72015 80383
77316 79969
81604 79452
85561 79059
89375 78606
91674 78146
93583 77551
95014 76521
96268 75350
97521 74183
98713 72992
99513 71683
99896 70077
100201 67451
99598 62839
98104 57762
95311 51252
91620 44294
88289 36856
84162 29138
79300 22249
74924 14953
71822 7078
68707 178
65466 -5562
62309 -10531
59424 -15217
56221 -18464
52987 -20877
49759 -22241
46671 -23823
43722 -24810
40838 -25193
38320 -25572
35824 -25579
33461 -24859
31039 -24085
28415 -23627
25750 -23449
23031 -23004
20323 -22530
17592 -21548
14847 -21161
12145 -20854
10288 -20508
9305 -20143
8831 -19774
8374 -19477
7955 -19410
7881 -19407
7897 -19409
7965 -19411
8082 -19415
8306 -19449
8698 -19675
9151 -20045
9988 -20424
11073 -20672
12296 -20876
13593 -21061
14811 -21160
16019 -21264
17222 -21470
18525 -21884
19831 -22381
21114 -22705
23498 -23073
25923 -23466
28280 -23597
30497 -23985
32269 -24470
34056 -25063
35743 -25568
37324 -25649
38848 -25514
40281 -25277
41756 -25123
43303 -24915
45183 -24378
47174 -23558
49601 -22306
52323 -21233
55045 -19504
57634 -17011
60272 -14040
62636 -9955
65311 -5820
68062 -783
70928 4387
73301 10855
75784 17206
79079 21998
82775 26359
84973 30946
87584 35402
89539 40004
91542 44126
93599 47653
95294 51202
96739 54787
98085 57724
99183 60588
99679 63149
100062 65509
100245 67724
100081 69836
99448 71837
98236 73515
96581 74952
95202 76415
92926 77808
89135 78651
84838 79087
80541 79573
75989 80084
70287 80589
64164 81934
57948 83339
51744 85075
45757 87015
38699 88330
31838 89818
25055 90660
18198 90976
11485 89920
5004 88391
-1064 86322
-7138 84081
-14111 82434
-22176 81211
-30432 79899
-38473 79684
-46371 80355
-54340 81071
-60376 81884
-64494 82427
-68376 82616
-71550 82571
-74713 82193
-76883 81800
-79014 81169
-81057 80553
-83012 80036
-84820 79562
-86499 79230
-88030 79033
-89534 78890
-90632 78771
-91245 78667
-91554 78619
-91788 78589
-91733 78596
-91675 78604
-91614 78613
-91431 78638
-91003 78710
-89899 78841
-88270 79018
-86221 79286
-84007 79744
-81370 80475
-78238 81415
-74199 82280
-68944 82613
-61863 82193
-50626 80817
-37755 79629
-21546 81314
-5604 84591
9785 89537
24545 90707
34761 89333
44731 87386
54834 84223
64659 81842
73756 80250
82061 79396
89982 78507
93661 77521
95913 75784
97794 73935
99341 72039
100330 69472
100119 66315
99605 62876
98744 59043
95842 52645
92449 45910
89047 38763
85289 31467
80483 23637
75395 16304
72371 8620
69277 912
65416 -5652
61898 -11207
58354 -16358
54598 -19863
50779 -21887
46872 -23722
43048 -24982
39155 -25492
35375 -25517
32062 -24392
28694 -23681
25318 -23398
22329 -22927
19296 -22195
16349 -21310
13348 -21036
10346 -20517
7344 -19760
4521 -18881
3781 -17651
3055 -16012
2322 -14570
1828 -13109
1629 -11636
1472 -10286
1409 -9326
1438 -8505
1595 -7779
1772 -7058
1830 -6411
1535 -5786
1220 -5159
931 -4446
645 -3867
444 -3277
222 -2708
70 -2193
27 -1702
18 -1240
-1 -851
-7 -510
7 -251
10 -159
11 -171
8 -186
6 -210
7 -237
10 -282
13 -331
8 -416
-5 -824
11 -1290
33 -1801
168 -2552
461 -3328
790 -4189
1265 -5267
1804 -6347
1664 -7443
1434 -8575
1495 -10009
1630 -11515
1838 -13167
2480 -14859
3275 -16579
4088 -18257
7410 -19676
13151 -21009
19501 -22267
25969 -23471
32778 -24657
39795 -25379
46989 -23660
53286 -20722
59247 -15413
63446 -8723
67506 -1743
71443 5972
74576 14186
78542 21360
83797 28314
87687 35585
91105 43194
94686 49618
97255 55935
99027 59961
99854 63879
100114 67100
99799 70241
99465 71794
98930 72738
98082 73665
97028 74557
96157 75474
95284 76365
94283 77144
92874 77819
91319 78255
89282 78622
86766 78976
82709 79325
78333 79872
72303 80353
65998 81557
59419 82960
52859 84738
47682 86424
42379 87917
37024 88761
32728 89674
28520 90306
24397 90722
20453 91052
16697 90828
13017 90217
9431 89463
5974 88663
2423 87590
-919 86371
-4273 85078
-7786 83897
-11467 82905
-15385 82247
-19195 81614
-22954 81057
-26694 80327
-30509 79889
-34407 79591
-37992 79646
-41363 80028
-44560 80251
-47066 80403
-49375 80669
-51826 80899
-54167 81062
-56528 81223
-58762 81539
-60705 81957
-62180 82243
-63605 82375
-64739 82434
-65171 82450
-65431 82464
-64919 82438
-63986 82403
-62805 82310
-61488 82119
-60106 81820
-58605 81511
-57012 81267
-55365 81139
-53998 81049
-52590 80940
-52078 80915
-51583 80880
-50942 80840
-50318 80784
-49869 80738
-49443 80678
-49238 80646
-48962 80607
-48761 80588
-48629 80576
-48493 80562
-48017 80506
-47476 80441
-46718 80381
-45148 80281
-43339 80181
-41198 80008
-38882 79717
-37204 79590
-35679 79567
-34246 79592
-34565 79590
-35049 79584
-35599 79567
-36237 79557
-36963 79579
-37676 79625
-38801 79710
-40271 79889
-41441 80037
-42623 80146
-43647 80197
-44708 80255
-45592 80310
-46510 80368
-46159 80345
-45809 80327
-45663 80314
-45950 80332
-46439 80360
-46926 80393
-46998 80398
-46580 80373
-46021 80337
-45002 80269
-43877 80212
-43025 80167
-42304 80128
-41992 80100
-41832 80085
-41754 80076
-41676 80066
-40947 79978
-40104 79864
-38966 79727
-38070 79653
-37044 79581
-36157 79559
-35440 79571
-34729 79587
-34166 79595
-33675 79604
-33592 79606
-33921 79598
-34646 79590
-36883 79575
-39614 79802
-42542 80142
-45373 80291
-47952 80497
-50550 80810
-53418 80993
-55700 81157
-57984 81411
-59894 81769
-61798 82181
-63167 82341
-64433 82423
-65697 82484
-66101 82523
-66502 82555
-66849 82573
-66987 82580
-66168 82527
-65107 82448
-63414 82357
-61297 82083
-59156 81617
-56365 81212
-53501 81004
-50395 80793
-47267 80421
-44186 80237
-41033 79990
-37835 79635
-34892 79584
-32072 79741
-29160 80065
-26348 80395
-24480 80790
-22799 81085
-21003 81378
-19275 81604
-16515 82069
-13643 82493
-10896 83014
-8212 83762
-5166 84750
-2234 85876
948 87047
4154 88145
7562 89059
10735 89758
14600 90465
18769 91023
22824 90890
26754 90474
30686 90007
34290 89422
37350 88671
40525 88041
44535 87454
48415 86163
52575 84825
57115 83591
62001 82373
66823 81388
71344 80436
75215 80095
78945 79787
82595 79340
86016 79058
88356 78820
90573 78434
92456 77927
94061 77307
95258 76381
96372 75238
97581 74129
98730 72973
99607 71399
100108 69789
100279 67821
100077 65671
99709 63248
98996 59828
97408 56295
95704 52308
93992 48222
91994 45155
90220 41301
88537 37366
86797 33965
84790 30597
83180 27094
80995 24169
78444 21220
76253 18102
74670 14407
73120 10385
71387 5761
69671 1635
67223 -2248
65252 -5900
63262 -9019
61408 -12132
59589 -15047
57770 -16890
56510 -18160
55376 -19228
54490 -19945
54345 -20041
54232 -20116
54381 -20019
55190 -19380
56034 -18655
57249 -17375
58668 -16058
59967 -14559
61302 -12367
62736 -9811
64528 -6921
66410 -3837
68676 137
70820 4112
72175 8082
73714 11843
75106 15398
76577 18645
78716 21584
81315 24479
83466 27622
85553 31843
87662 35540
89151 39031
90682 42300
92208 45536
93792 47930
95050 50473
96143 53264
97288 56015
98491 58457
99192 60620
99479 62082
99762 63413
99959 64591
100085 65738
100095 66828
100104 67026
100127 67178
100148 67257
100165 67321
100175 67359
100169 67339
100159 67299
100144 67237
100121 67159
100112 67083
100101 67007
100093 66889
100095 66761
100111 66600
100116 66228
100095 65836
100036 65279
99968 64687
99867 63974
99668 63116
99371 61633
99063 60114
98346 58183
97374 56214
96425 53961
95475 51676
94501 49236
93030 46815
91600 44251
90258 41382
88982 38570
87763 35731
86483 33380
84885 30772
83631 27957
82033 25326
79785 22804
77571 20126
75726 17094
74532 14073
73324 10913
71842 7132
70439 3271
68396 -261
66381 -3891
64401 -7130
62484 -10206
61146 -12668
59863 -14714
58508 -16208
57177 -17445
56128 -18560
55903 -18783
56192 -18496
56773 -17861
57530 -17107
58761 -15969
60005 -14500
61275 -12430
62574 -10048
64140 -7572
65695 -5148
67369 -1987
69251 876
70857 4203
72040 7715
73447 11220
74771 14623
76133 17881
78268 21000
80411 23554
82442 25870
84030 28838
85583 31884
87158 34626
88436 37168
89699 40312
91311 43639
92978 46727
94710 49662
95821 52596
96878 55075
97804 57110
98665 58850
99048 60052
99242 60963
99438 61893
99419 61818
99330 61453
99284 61232
99248 60997
99221 60776
99212 60714
99200 60650
99176 60556
99102 60276
98933 59574
98619 58737
98121 57801
97520 56534
96942 55203
96387 53861
95759 52450
95159 50804
94462 49149
93430 47409
92261 45620
91084 43153
89783 40483
88849 38184
87883 35987
86917 34192
85981 32522
84928 30861
84118 29040
83322 27347
82408 25826
81115 24287
79714 22717
78374 21130
77359 19838
76544 18591
75812 17262
75376 16247
75255 15854
75147 15511
75219 15743
75291 15966
75670 16979
76317 18210
77024 19353
78056 20732
79190 22121
80446 23596
81721 24905
82699 26241
83419 27529
84075 28941
84681 30368
85524 31799
86559 33529
87479 35213
88363 37016
89187 39124
89998 40872
90947 42884
91852 44854
92692 46272
93488 47492
94247 48685
94520 49278
94355 48925
94174 48544
93936 48134
93519 47531
93057 46858
92014 45197
90865 42730
89654 40225
88646 37608
87407 35070
85892 32380
84397 29688
83117 26969
81392 24556
79225 22162
77120 19503
75516 16642
74374 13655
73259 10737
72058 7764
71163 5054
69965 2317
68367 -308
66751 -3142
65195 -5976
63509 -8617
61832 -11342
60343 -13926
58819 -15907
57141 -17480
55664 -18988
54525 -19918
53483 -20606
52605 -21088
51970 -21412
51481 -21628
51234 -21726
50740 -21902
50146 -22092
49719 -22258
49245 -22468
49523 -22335
50065 -22121
50581 -21950
51192 -21742
51849 -21466
52730 -21019
53879 -20364
55263 -19318
56867 -17761
58636 -16090
60363 -13897
61688 -11613
63067 -9320
64607 -6796
66265 -4096
67882 -1079
69785 1868
71181 5102
72414 8727
73785 12034
75086 15344
76442 18427
78476 21266
80636 23808
82618 26120
83916 28579
85201 31338
86845 34056
88242 36754
89301 39443
90347 41581
91344 43712
92368 45785
93370 47328
94311 48828
94920 50139
95192 50902
95280 51151
95347 51346
95244 51052
95127 50707
94818 49896
94290 48780
92877 46558
91470 43968
90182 41220
88948 38471
87736 35680
86409 33239
84564 30070
82866 26523
80141 23228
77425 19935
75474 16527
73531 11408
71457 6026
69104 689
66546 -3579
64048 -7732
61551 -11867
59102 -15604
56595 -18061
53960 -20311
51358 -21679
48728 -22740
46032 -24082
43520 -24856
40996 -25170
38756 -25522
36624 -25624
34622 -25290
32740 -24645
30674 -24017
27250 -23493
23539 -23080
19910 -22410
16619 -21358
13191 -21016
10112 -20464
7071 -19891
4683 -19096
4009 -18105
3377 -16792
2789 -15345
2083 -14109
1788 -12878
1628 -11615
1476 -10512
1419 -9416
1445 -8680
1540 -7949
1699 -7276
1863 -6615
1638 -5976
1341 -5426
1077 -4816
813 -4236
557 -3649
361 -3059
157 -2510
58 -2089
27 -1677
13 -1273
3 -865
1 -467
8 -266
9 -199
8 -136
6 -82
5 -36
4 -14
3 -6
4 -10
4 -18
4 -41
4 -67
7 -102
11 -146
12 -315
-4 -839
9 -1380
39 -1908
132 -2419
309 -2944
519 -3533
755 -4121
1015 -4668
1246 -5223
1447 -5614
1650 -5996
1818 -6378
1865 -6712
1781 -7043
1672 -7404
1581 -7829
1458 -8335
1444 -8905
1502 -9705
1561 -10961
1699 -12364
1984 -13840
2753 -15280
3338 -16722
3936 -17973
4542 -18906
7326 -19777
10201 -20488
14523 -21137
19034 -22094
23455 -23065
27958 -23553
31746 -24289
35455 -25527
39953 -25351
44507 -24633
49085 -22553
53802 -20419
58292 -16419
62500 -10172
66649 -3365
70912 4342
74032 12721
78303 21045
84229 29292
88683 37704
92422 45866
96076 53119
98837 59277
99962 64624
100132 67196
100193 69648
99560 71560
98746 72954
97388 74290
96034 75627
94594 76884
92821 77833
89435 78594
85260 79069
80901 79530
76332 80067
70232 80597
63853 81974
57430 83502
50735 85429
44923 87308
39095 88239
33465 89564
27883 90385
22290 90951
16557 90803
11337 89887
6334 88762
2143 87505
-1939 86000
-6507 84289
-11683 82865
-16905 82000
-22096 81226
-27254 80246
-32631 79687
-37519 79609
-42384 80134
-47544 80449
-53168 80972
-58451 81484
-62680 82300
-66570 82558
-70015 82582
-73381 82393
-76630 81861
-79623 80994
-82538 80174
-85159 79494
-87224 79114
-88640 78989
-89221 78925
-88210 79022
-86892 79161
-84990 79528
-82955 80050
-80217 80802
-77370 81673
-74418 82241
-71052 82587
-67477 82606
-63289 82350
-58141 81433
-48426 80554
-38639 79696
-28633 80113
-19908 81531
-11540 82892
-4648 84947
1480 87264
7491 89042
14387 90432
21763 90996
29481 90174
36959 88781
44484 87468
51163 85284
58206 83260
64978 81771
71626 80415
77548 79944
82946 79293
88148 78853
92900 77815
95773 75963
97911 73834
99614 71306
100454 68658
100089 65776
99567 62654
98887 59424
97318 56094
95527 51820
93399 47367
90752 42477
88264 36804
84998 30989
81970 25241
77497 20030
74743 14568
72350 8568
70065 2550
67611 -1556
65390 -5694
63243 -9052
61316 -12335
59296 -15358
57213 -17410
55154 -19413
53029 -20854
50819 -21873
48768 -22718
46554 -23879
44196 -24713
41955 -25111
39760 -25386
37451 -25651
35536 -25536
34022 -25050
32505 -24565
30947 -24063
29164 -23779
27296 -23496
25540 -23423
23669 -23102
21885 -22861
20030 -22454
18152 -21742
16816 -21398
15461 -21202
14062 -21099
13038 -20991
12033 -20836
11108 -20679
10675 -20580
10907 -20640
11553 -20735
12336 -20880
13230 -21021
14103 -21101
14884 -21162
15561 -21208
15950 -21256
15984 -21260
15913 -21250
15841 -21241
15771 -21229
15698 -21221
15628 -21212
15255 -21191
14560 -21144
13789 -21081
12765 -20944
11955 -20820
11144 -20684
10619 -20565
10257 -20501
10140 -20472
10050 -20445
10648 -20572
11476 -20726
12494 -20900
13752 -21077
14994 -21172
16126 -21283
17386 -21501
18689 -21951
19871 -22397
21070 -22695
22666 -22968
24387 -23236
26105 -23480
27863 -23545
29305 -23801
30855 -24046
32388 -24520
33832 -24974
35033 -25436
35997 -25598
37056 -25635
37698 -25646
37533 -25650
36794 -25629
36082 -25603
35661 -25554
35415 -25522
35260 -25493
35337 -25510
35495 -25533
36164 -25610
37013 -25633
37828 -25636
38626 -25538
39400 -25457
40157 -25305
41194 -25152
42249 -25097
44001 -24753
45797 -24168
48577 -22825
51730 -21524
54899 -19625
58031 -16653
61114 -12722
64187 -7495
67638 -1509
70976 4529
73739 11907
76956 19252
82724 26280
86635 33679
90295 41463
93909 48092
96682 54662
99036 59991
100004 65028
100210 67512
100063 69869
99612 71190
99145 72418
98114 73635
97075 74526
96114 75522
95042 76505
93812 77455
90890 78361
84407 79130
77896 79912
70507 80545
62554 82239
54604 84282
46769 86731
39031 88252
32115 89775
25200 90641
19131 91042
12580 90138
6261 88742
213 86761
-5385 84667
-11396 82918
-17227 81938
-21467 81323
-25627 80555
-29747 79993
-33839 79600
-39129 79745
-44487 80251
-49942 80747
-55195 81130
-59823 81754
-63921 82399
-67408 82602
-70086 82579
-72567 82480
-74863 82173
-77067 81757
-79293 81087
-81472 80455
-83587 79860
-85442 79440
-86724 79188
-87059 79135
-87116 79130
-86835 79171
-86167 79299
-85386 79450
-84531 79618
-83354 79936
-81877 80359
-80163 80819
-78424 81352
-76504 81888
-74491 82229
-72419 82497
-70298 82573
-68101 82610
-65629 82478
-62927 82322
-59078 81603
-52838 80954
-46091 80342
-39454 79783
-32871 79659
-26280 80411
-21158 81358
-16210 82119
-10968 82999
-5674 84563
-628 86470
3836 88051
8344 89234
12727 90167
17554 90931
22216 90957
26986 90456
31910 89809
36509 88914
41075 88017
46092 86927
51068 85317
56350 83792
61563 82486
66635 81425
71454 80427
76102 80078
80124 79636
83389 79222
86130 79048
88063 78866
89625 78566
91155 78300
92113 78021
92764 77844
93346 77668
93509 77590
93737 77488
93985 77357
94305 77127
94639 76846
94943 76570
95468 76241
95898 75803
96236 75386
96597 74930
96936 74627
97273 74385
97501 74201
97693 74020
97892 73851
97930 73817
97598 74109
97248 74405
96717 74809
96200 75422
95694 76048
95177 76429
94661 76827
94085 77290
93558 77565
92737 77851
91608 78165
90382 78455
88838 78705
87179 78944
83836 79161
80489 79579
77021 80005
72916 80322
68319 80956
63423 82044
58620 83150
54209 84375
49699 85779
45164 87211
40587 88035
36698 88857
32863 89654
29615 90155
26678 90480
23578 90806
20815 91042
18056 90966
15377 90585
12652 90152
9645 89506
6770 88868
3641 87989
351 86812
-2911 85601
-6018 84443
-9410 83373
-12898 82625
-15608 82214
-18052 81781
-20850 81401
-23649 80932
-26626 80339
-30046 79945
-33272 79626
-36805 79572
-40442 79912
-43802 80207
-46789 80385
-49798 80728
-53667 81022
-57174 81288
-60443 81897
-63478 82363
-66371 82546
-68873 82615
-71336 82582
-73679 82363
-75977 81991
-78116 81455
-80268 80783
-82182 80282
-83764 79812
-85272 79474
-86555 79219
-87444 79086
-87730 79052
-87391 79092
-86947 79154
-86441 79243
-85608 79408
-84762 79573
-83704 79826
-82231 80266
-80109 80838
-77872 81529
-75152 82132
-72343 82505
-69366 82600
-66034 82516
-62496 82284
-58921 81568
-53085 80968
-46651 80377
-39935 79840
-32233 79726
-22406 81163
-12532 82692
-3362 85424
5418 88508
13952 90360
22980 90871
33396 89576
43109 87783
52516 84842
62866 82169
72244 80361
80386 79594
87947 78881
92226 77996
95395 76295
97712 74002
99505 71700
100409 69330
100107 66012
99504 62246
98441 58355
96164 53311
93737 47850
90695 42335
87953 36142
84642 30269
81035 24208
76347 18264
71703 6758
66776 -3084
62005 -11023
57670 -16980
53201 -20763
48805 -22695
44310 -24684
39687 -25401
35297 -25501
30901 -24056
24998 -23368
19337 -22210
14023 -21096
9170 -20057
4333 -18625
3179 -16365
2051 -14031
1647 -11893
1539 -9750
1495 -8097
1858 -6585
1176 -5056
625 -3819
212 -2685
48 -1987
9 -1362
-12 -776
-5 -496
12 -296
8 -113
5 -49
3 -22
1 -3
1 0
2 -29
5 -75
8 -126
7 -223
4 -455
7 -878
12 -1307
29 -1750
75 -2215
205 -2662
371 -3082
512 -3509
672 -3939
908 -4398
1086 -4836
1291 -5333
1523 -5764
1745 -6193
1863 -6745
1697 -7294
1547 -7933
1445 -8694
1512 -9826
1579 -11048
1685 -12282
1914 -13571
2571 -15009
3223 -16462
3858 -17827
4625 -19012
9190 -20072
13827 -21086
18731 -21968
23758 -23117
29954 -23913
36373 -25618
42518 -25073
49203 -22489
55227 -19349
60726 -13340
65283 -5861
69922 2198
73396 11094
77460 19985
83298 27306
87333 34927
90814 42617
94442 49105
97101 55545
99348 61524
100137 67216
99592 70792
97435 74252
94510 76959
91022 78333
83283 79239
75377 80088
67191 81303
58983 83050
50641 85462
42320 87926
33260 89592
24689 90695
17051 90875
9080 89388
1280 87186
-6297 84356
-14188 82424
-23266 81000
-32393 79712
-41282 80020
-49584 80699
-57502 81336
-62371 82270
-66780 82571
-70840 82583
-73606 82371
-76044 81980
-78301 81392
-80535 80699
-82639 80140
-84647 79594
-86612 79208
-88453 79005
-90141 78813
-91062 78698
-91495 78628
-91905 78571
-91965 78563
-91847 78580
-90509 78785
-88332 79014
-86109 79310
-81318 80485
-76108 81967
-68660 82618
-60241 81852
-50165 80770
-40020 79851
-29084 80075
-18701 81680
-8910 83522
-556 86496
7276 88990
14815 90496
22140 90966
30157 90080
38089 88476
45805 87001
53425 84574
61376 82533
69117 80758
76389 80064
83062 79276
89657 78563
93610 77540
96675 74845
99314 72087
100435 69248
100115 66097
99492 62149
98048 57651
96050 53072
94021 48265
91208 43427
88772 37946
85923 32427
83094 26928
80210 23309
77253 19694
75184 15627
73372 11034
71569 6389
69707 1715
67162 -2357
64794 -6503
62416 -10337
60217 -14132
57999 -16681
55767 -18902
53564 -20562
51520 -21613
49486 -22353
47686 -23286
45914 -24123
44234 -24705
43006 -24991
41833 -25118
40677 -25211
39652 -25411
38937 -25509
38137 -25601
37146 -25640
36122 -25606
35181 -25476
34165 -25104
32892 -24691
31699 -24273
30186 -23949
28599 -23661
26746 -23479
24734 -23324
22786 -22977
20940 -22666
19461 -22252
17921 -21652
16425 -21321
14704 -21154
13001 -20984
11755 -20772
10591 -20560
9619 -20292
9044 -19950
8766 -19723
8506 -19547
8390 -19486
8274 -19439
8201 -19423
8223 -19426
8262 -19434
8362 -19469
8475 -19529
8591 -19603
8713 -19686
9112 -20013
9777 -20349
11004 -20659
12882 -20963
15180 -21188
17469 -21518
19750 -22351
22243 -22912
24821 -23340
27391 -23499
29543 -23836
31524 -24224
33373 -24832
35067 -25447
36709 -25626
38584 -25543
40405 -25253
42879 -25019
45346 -24327
47857 -23200
50543 -21962
53243 -20742
55696 -18958
58131 -16565
60597 -13532
62942 -9515
65592 -5336
68514 -79
71316 5498
73585 11533
75902 17429
79262 22205
82799 26402
84950 30902
87235 34751
89081 38854
90885 42768
92640 46191
94421 49063
95615 52068
96794 54908
97947 57426
98977 59757
99454 61971
99826 63679
100038 65306
100107 66620
100184 67396
100264 67782
100337 67993
100406 68174
100431 68298
100442 68419
100447 68478
100446 68458
100446 68439
100443 68382
100436 68315
100417 68228
100390 68127
100325 67955
100225 67613
100121 66497
100027 65228
99864 63942
99542 62513
99172 60526
98326 58149
97140 55632
95976 52926
94775 49800
93144 46987
91489 44004
90040 40946
88802 38042
87430 35118
85863 32332
84333 29539
82821 26443
80242 23350
77680 20265
75587 16809
74167 13093
72678 9318
71236 5251
69500 1269
66976 -2685
64657 -6710
62344 -10466
60144 -14253
58095 -16594
56001 -18690
53157 -20784
50263 -22050
47788 -23233
45586 -24245
43436 -24878
41479 -25133
39617 -25417
37958 -25622
36207 -25610
34555 -25264
33007 -24723
31392 -24183
29776 -23878
27910 -23549
25668 -23440
23330 -23041
21028 -22683
18774 -21986
16465 -21328
13984 -21092
11594 -20741
9287 -20131
7215 -19853
5298 -19546
4703 -19120
4346 -18640
3984 -18063
3644 -17373
3265 -16556
2989 -15792
2617 -15075
2231 -14398
1944 -13694
1773 -12792
1661 -12023
1611 -11289
1498 -10628
1480 -10147
1485 -9657
1429 -9469
1406 -9278
1408 -9083
1442 -8919
1455 -8767
1437 -8638
1436 -8522
1443 -8425
1460 -8319
1471 -8211
1483 -8152
1463 -8266
1454 -8370
1441 -8456
1435 -8538
1436 -8622
1447 -8709
1452 -8811
1438 -8935
1411 -9065
1407 -9294
1460 -9554
1495 -9977
1473 -10438
1557 -10936
1628 -11658
1702 -12390
1851 -13259
2109 -14157
2587 -15030
3002 -15838
3365 -16770
3772 -17627
4220 -18475
4836 -19220
7099 -19886
10079 -20456
13113 -21005
16737 -21378
20368 -22540
24344 -23227
28048 -23565
31480 -24211
34825 -25366
38803 -25518
43174 -24949
47286 -23494
51398 -21663
55117 -19444
58475 -16236
61425 -12102
64453 -7043
67558 -1652
70574 3551
73010 10096
75495 16586
79522 22502
83701 28107
86820 34011
89497 39914
91971 45113
94959 50234
97044 55418
98680 58889
99470 62046
100017 65114
100220 67593
99912 70052
99582 71491
99040 72580
98098 73649
96833 74711
95609 76127
94164 77237
92336 77961
89251 78627
84081 79146
78887 79797
73204 80309
67009 81347
60546 82726
54097 84402
48195 86238
41964 87967
35861 89093
29815 90126
24096 90750
18484 91001
13088 90226
8562 89278
4218 88165
6 86690
-4575 84973
-9196 83434
-13802 82472
-17889 81810
-21626 81302
-24559 80777
-27535 80211
-31990 79749
-36400 79560
-40779 79954
-44635 80254
-48291 80537
-51744 80893
-54936 81111
-58062 81421
-61170 82057
-64242 82416
-67058 82585
-69656 82598
-71976 82542
-73976 82319
-75911 82000
-77748 81564
-79512 81025
-81215 80512
-82847 80077
-84068 79727
-85046 79517
-85666 79399
-85831 79368
-85885 79357
-85777 79378
-85553 79417
-85101 79505
-84357 79657
-83411 79916
-82383 80222
-80796 80625
-79181 81120
-77561 81617
-76242 81942
-75007 82151
-73531 82379
-71477 82575
-69082 82610
-66304 82539
-63049 82330
-59456 81678
-53912 81043
-47681 80462
-41520 80048
-35206 79579
-29455 80031
-23874 80893
-18211 81751
-12106 82782
-6089 84424
-273 86594
5488 88526
11634 89954
17915 90956
23650 90797
29681 90146
35727 89125
41726 87984
47770 86390
53714 84501
60431 82748
67254 81288
73649 80266
80015 79654
86054 79056
90416 78453
93223 77710
94681 76810
95941 75751
97199 74440
98500 73246
99379 71970
100005 69943
100232 67652
100023 65172
99509 62280
98864 59350
97337 56133
95780 52497
94199 48591
91798 44727
89441 39784
86769 33920
83657 28007
79962 23015
76223 18045
74099 12907
71860 7185
69616 1515
66437 -3786
63403 -8789
60771 -13279
58063 -16625
55339 -19260
52242 -21275
49164 -22510
46436 -23930
43840 -24783
41156 -25155
38894 -25511
36665 -25624
34520 -25250
32665 -24619
30764 -24030
28509 -23643
26239 -23482
23981 -23159
21667 -22828
19378 -22224
17429 -21508
15430 -21199
13389 -21042
11837 -20789
10427 -20529
9521 -20254
9030 -19935
8732 -19699
8647 -19636
8610 -19613
8682 -19663
8981 -19883
9449 -20218
10372 -20521
11877 -20801
13712 -21072
16055 -21270
18399 -21838
20675 -22616
22989 -23000
25179 -23386
27343 -23497
29351 -23808
31304 -24156
33046 -24733
34725 -25329
36499 -25622
38228 -25585
39996 -25343
42430 -25083
44989 -24443
47650 -23304
50380 -22009
53325 -20697
56252 -18435
59050 -15670
61666 -11649
64331 -7259
67039 -2576
69870 2075
71764 6921
73692 11782
75412 16361
77391 19887
80106 23185
82844 26483
84461 29833
86273 33003
87812 35831
89063 38810
90480 41841
91872 44895
93460 47450
94840 49943
95685 52261
96590 54393
97561 56620
98541 58558
99020 59929
99290 61269
99556 62584
99813 63609
99935 64439
100008 65057
100075 65649
100113 66182
100119 66515
100125 66418
100116 66272
100106 65967
100065 65558
100010 65083
99897 64198
99660 63085
99270 61165
98792 59162
97685 56867
96574 54346
95438 51578
94267 48734
92535 46030
90989 42962
89383 39654
87977 36193
86534 33479
84840 30685
83491 27669
82156 25489
80343 23473
78509 21314
76612 18702
75324 16079
74056 12781
72751 9482
71484 6132
70155 2737
68031 -832
65954 -4650
63844 -8063
61933 -11144
60108 -14316
58257 -16450
56369 -18314
54561 -19893
52815 -20970
51604 -21578
50463 -21985
49681 -22273
49003 -22595
48402 -22919
47753 -23250
47098 -23601
46712 -23803
46752 -23782
47356 -23454
48071 -23094
48964 -22614
49989 -22150
51276 -21710
52645 -21064
54117 -20197
55732 -18929
57493 -17137
59345 -15299
61162 -12639
62881 -9609
64710 -6626
66858 -2912
69305 953
71402 5814
73281 10795
75201 15684
77826 20453
81906 25155
84484 29880
87209 34707
89317 39486
91414 43856
93546 47572
95330 51299
96755 54829
98180 57912
99205 60683
99744 63348
100071 65626
100218 67575
100365 68061
100452 68527
100456 68950
100431 69262
100282 69527
100102 69800
99918 70044
99784 70266
99669 70501
99590 70724
99595 70926
99600 70973
99600 71026
99598 70956
99585 70864
99591 70750
99603 70635
99689 70470
99780 70277
99888 70093
100053 69881
100202 69636
100383 69390
100451 69137
100454 68884
100453 68600
100428 68281
100273 67803
100115 66118
99872 64006
99411 61782
98852 59313
97581 56664
96292 53612
94859 49993
92666 46230
90463 41804
88313 36911
85671 32012
83025 26808
79928 22970
76822 19039
74975 15062
73189 10560
71430 5919
69690 1677
67284 -2141
65225 -5938
63090 -9286
61247 -12492
59226 -15445
57040 -17584
54786 -19715
52523 -21130
50224 -22063
48253 -22998
46357 -23963
44118 -24728
41913 -25115
39873 -25364
38181 -25591
36541 -25622
34928 -25402
33291 -24808
31654 -24262
30047 -23928
28232 -23589
26196 -23484
24026 -23169
22016 -22878
19988 -22439
17999 -21681
16091 -21277
14141 -21104
12413 -20889
10703 -20589
9571 -20272
9013 -19918
8628 -19625
8346 -19462
8092 -19416
7852 -19408
7631 -19428
7556 -19486
7482 -19567
7431 -19647
7366 -19732
7291 -19804
7150 -19875
6980 -19908
6808 -19939
6605 -19943
6403 -19982
6260 -20018
6125 -20025
5962 -19991
5805 -19934
5646 -19850
5507 -19752
5392 -19649
5291 -19537
5194 -19443
5072 -19367
4903 -19256
4736 -19154
4587 -18956
4396 -18703
4195 -18437
3805 -17697
3467 -16986
3082 -16082
2697 -15190
2269 -14474
1960 -13755
1816 -13020
1695 -12336
1630 -11677
1596 -11173
1524 -10732
1475 -10269
1499 -9888
1442 -9500
1403 -9172
1403 -9119
1403 -9157
1404 -9208
1406 -9263
1406 -9309
1414 -9370
1420 -9429
1425 -9457
1435 -9490
1446 -9512
1456 -9544
1463 -9579
1467 -9589
1470 -9597
1478 -9616
1481 -9634
1486 -9649
1487 -9663
1490 -9678
1492 -9692
1497 -9701
1506 -9709
1508 -9713
1513 -9717
1517 -9721
1523 -9728
1529 -9736
1533 -9746
1540 -9759
1536 -9776
1530 -9793
1518 -9813
1506 -9851
1499 -9902
1492 -10040
1476 -10179
1474 -10363
1480 -10560
1531 -10778
1592 -11134
1628 -11594
1663 -12046
1738 -12580
1831 -13139
1936 -13664
2122 -14182
2399 -14703
2680 -15165
2949 -15668
3212 -16438
3566 -17189
3910 -17929
4234 -18493
4531 -18892
4915 -19266
5327 -19579
5729 -19897
6152 -20028
6573 -19942
7353 -19751
8104 -19418
8865 -19794
9697 -20319
11634 -20747
14741 -21154
17759 -21596
20806 -22641
23844 -23136
26794 -23478
29683 -23863
32147 -24421
34486 -25235
36967 -25633
39511 -25438
42206 -25098
45026 -24428
48438 -22901
52088 -21356
56160 -18527
59561 -15075
62902 -9579
66466 -3736
69981 2357
72984 10037
76160 17935
82001 25284
86072 32669
89561 40049
92616 46152
95579 51969
97964 57465
99462 62008
100052 65409
100410 68193
99593 70686
98666 73052
97149 74475
95675 76070
93441 77629
90245 78472
85605 79060
80227 79618
74740 80114
69063 80769
63299 82071
57531 83471
51645 85110
46140 86912
40025 88086
34222 89435
28449 90315
22902 90881
17192 90894
11857 90002
7700 89093
3902 88069
143 86738
-3210 85483
-6578 84264
-9339 83391
-11968 82809
-14571 82374
-17144 81956
-19669 81562
-22018 81241
-24023 80869
-26136 80442
-28263 80139
-30743 79869
-33112 79636
-35759 79564
-38229 79665
-40864 79966
-43105 80172
-45225 80285
-47336 80426
-48560 80571
-49655 80709
-50863 80836
-51911 80904
-53003 80964
-54765 81098
-56200 81198
-57335 81313
-57745 81376
-56851 81251
-55953 81178
-54848 81103
-53749 81031
-52672 80943
-51995 80909
-51100 80851
-50091 80762
-48829 80595
-47404 80433
-45075 80275
-42785 80155
-40528 79922
-37914 79641
-35918 79561
-34085 79595
-32472 79703
-31216 79825
-29602 80014
-27895 80173
-26418 80380
-25327 80622
-24096 80855
-22560 81135
-21311 81340
-20225 81491
-19828 81542
-19590 81570
-19433 81585
-18538 81703
-17641 81858
-16747 82027
-15836 82181
-14718 82353
-13958 82451
-13114 82582
-12245 82753
-11325 82930
-10397 83123
-9553 83334
-8980 83500
-8701 83593
-8420 83693
-8282 83740
-8141 83787
-7209 84062
-6368 84332
-5458 84642
-4198 85105
-2611 85722
-845 86394
1146 87133
2912 87754
4738 88318
6695 88850
8712 89307
10441 89692
12076 90043
13517 90292
14954 90516
16214 90745
17700 90942
19274 91049
20886 91042
23133 90854
25345 90620
28026 90367
30821 89989
33607 89545
37415 88653
41312 88007
44826 87349
48152 86252
51598 85128
55438 84049
59644 82917
63793 81980
67677 81157
70453 80555
73316 80302
75932 80087
78208 79885
80438 79585
82652 79333
84131 79145
85473 79062
86627 78989
87508 78914
88205 78845
88496 78784
88737 78727
88997 78676
88687 78740
88439 78799
88091 78862
87281 78938
86313 79025
84626 79110
82887 79300
80645 79560
78271 79878
75876 80087
72973 80320
70007 80628
67737 81138
65416 81679
63111 82112
61021 82620
59255 82991
57480 83486
55539 84010
53599 84531
51546 85146
49556 85822
47727 86406
45854 86988
44325 87515
43170 87774
42024 87964
40649 88032
39416 88180
38293 88428
37616 88593
38430 88396
39786 88118
40773 88027
41786 87981
42443 87906
42991 87805
43469 87716
43879 87625
44585 87439
45312 87155
46673 86760
48064 86283
49507 85837
50973 85349
52633 84808
54719 84252
56898 83648
59145 83014
61196 82575
63173 82098
65166 81733
67437 81232
69336 80724
72473 80339
75597 80091
78457 79857
81168 79500
83639 79185
85651 79059
87443 78920
89162 78646
90792 78386
91997 78054
93179 77728
93933 77387
94549 76920
95230 76398
95925 75769
96461 75124
96982 74592
97412 74272
97752 73966
98051 73696
98363 73390
98600 73128
98833 72856
98945 72717
98885 72800
98534 73209
98165 73585
97832 73901
97340 74328
96779 74758
96099 75542
95340 76331
94329 77107
93081 77762
91512 78196
89721 78553
87572 78910
83175 79258
78645 79831
72804 80324
66383 81482
59588 82929
49943 85708
39905 88102
29346 90192
18340 90990
7346 89008
-2161 85908
-11826 82835
-22252 81193
-32793 79670
-42461 80138
-52164 80920
-60308 81868
-68448 82616
-72792 82460
-76307 81930
-79347 81071
-82334 80236
-85217 79485
-87848 79046
-89839 78852
-90817 78743
-91183 78677
-90878 78732
-90324 78800
-89595 78884
-88833 78969
-87614 79064
-86388 79252
-83237 79970
-79891 80910
-76176 81956
-72048 82537
-67198 82590
-60577 81927
-52249 80923
-42865 80159
-33030 79642
-23342 80987
-13724 82482
-7281 84040
-1282 86244
4805 88337
12147 90057
19719 91056
27809 90390
35794 89110
42808 87839
50396 85549
58104 83290
65933 81572
73542 80281
80592 79567
87112 78949
93055 77771
96495 75073
99562 71543
100116 67119
99561 62620
97765 57028
95143 50756
91525 44084
88079 36399
83939 28632
78409 21176
74330 13529
71360 5654
67774 -1270
64115 -7612
60557 -13595
56936 -17689
53116 -20807
49285 -22446
45756 -24185
42294 -25094
39112 -25494
36040 -25600
32817 -24669
29731 -23869
26373 -23484
22867 -22985
19419 -22238
16235 -21298
12924 -20970
9893 -20389
7257 -19829
4863 -19237
3762 -17608
2935 -15626
2022 -13954
1689 -12311
1555 -10912
1495 -9695
1435 -8962
1443 -8441
1501 -8064
1571 -7865
1604 -7727
1632 -7640
1650 -7562
1661 -7465
1690 -7331
1723 -7191
1757 -7088
1793 -7012
1822 -6930
1838 -6883
1852 -6823
1861 -6761
1865 -6696
1864 -6647
1845 -6506
1824 -6395
1780 -6296
1736 -6173
1600 -5913
1476 -5677
1356 -5449
1239 -5202
1121 -4924
1023 -4692
961 -4517
940 -4470
993 -4604
1049 -4755
1130 -4944
1230 -5182
1328 -5402
1420 -5571
1500 -5718
1612 -5932
1718 -6129
1789 -6314
1838 -6459
1865 -6630
1852 -6808
1801 -6998
1737 -7138
1694 -7312
1658 -7504
1613 -7695
1559 -7898
1477 -8170
1439 -8491
1448 -8872
1490 -9682
1527 -10755
1650 -11936
1920 -13601
2821 -15406
3615 -17309
4430 -18752
8997 -19901
13552 -21057
19076 -22111
25408 -23406
32309 -24486
39361 -25465
45956 -24110
52483 -21151
59151 -15540
64684 -6669
70397 3197
74646 14352
81541 24710
87506 35262
91560 44167
95456 51626
98389 58252
99581 62729
100098 66715
99820 70214
98149 73603
94487 76980
88713 78732
81660 79447
73968 80218
65871 81584
57271 83547
49049 85964
41013 88019
32527 89707
24323 90730
16145 90733
8636 89291
617 86916
-7426 84000
-15683 82202
-24403 80803
-33351 79622
-41116 80000
-47885 80487
-54509 81081
-59676 81722
-64050 82408
-67968 82611
-71693 82564
-75368 82095
-78784 81237
-81978 80334
-84184 79697
-85721 79390
-87170 79120
-88090 79029
-88703 78982
-88965 78955
-88767 78976
-88151 79026
-87337 79100
-86276 79275
-84933 79540
-83526 79879
-81676 80410
-79678 80979
-77686 81580
-75579 82059
-73084 82426
-70367 82573
-67340 82599
-64305 82418
-60771 81971
-57093 81278
-53252 80978
-48696 80583
-44111 80231
-39373 79773
-34326 79593
-29895 79969
-25476 80588
-21079 81367
-17065 81972
-12748 82649
-8352 83717
-3746 85279
750 86966
4872 88355
9006 89372
13303 90258
17629 90937
21913 90984
26368 90503
30887 89980
35520 89170
40832 88025
46282 86873
50828 85397
55334 84086
59981 82853
64723 81830
69171 80749
73432 80292
77604 79940
81715 79441
85692 79057
88944 78687
91872 78090
94351 77087
96479 75099
98616 73108
99756 70355
100214 67532
99942 64469
99014 59896
96620 54483
93880 48052
90407 41695
86966 34281
83203 27136
77715 20312
74305 13467
71645 6604
68425 -214
64477 -7003
60683 -13404
56834 -17795
52857 -20947
48614 -22806
44581 -24605
40561 -25231
38002 -25618
35702 -25562
33752 -24947
31791 -24301
29399 -23815
26887 -23479
24255 -23209
21286 -22750
18355 -21821
15496 -21202
12612 -20915
9864 -20377
7201 -19858
5030 -19337
3852 -17807
3131 -16238
2445 -14794
1891 -13478
1679 -12227
1571 -11004
1483 -10100
1405 -9246
1435 -8606
1489 -8114
1619 -7678
1703 -7258
1843 -6853
1844 -6490
1706 -6106
1513 -5743
1316 -5378
1156 -5013
1006 -4648
868 -4326
765 -4142
683 -3962
604 -3768
541 -3603
488 -3430
426 -3226
329 -2993
244 -2761
175 -2575
143 -2465
126 -2396
87 -2263
68 -2167
57 -2063
36 -1829
19 -1569
10 -1326
21 -1225
34 -1166
40 -1118
41 -1082
45 -1045
44 -1015
42 -988
41 -975
36 -961
34 -946
32 -934
27 -921
25 -1193
15 -1503
51 -2011
162 -2532
382 -3105
587 -3718
839 -4281
1138 -4967
1489 -5696
1835 -6440
1713 -7224
1464 -8285
1539 -9762
1605 -11250
1783 -12849
2308 -14548
3139 -16264
4039 -18168
5160 -19424
9473 -20230
13946 -21090
18439 -21854
22907 -22990
27714 -23531
33331 -24818
39068 -25498
43880 -24775
48470 -22880
52903 -20922
57319 -17305
60620 -13498
63915 -7954
67312 -2088
70725 3887
73614 11595
76718 18870
81615 24787
85071 31119
88720 37800
91716 44510
95034 50426
97207 55809
99086 60211
99893 64166
100252 67741
99628 70587
98993 72647
97635 74073
96219 75404
94796 76694
92686 77865
90348 78458
86416 79016
81330 79485
76046 80082
69612 80679
62928 82154
55800 83935
48821 86034
41371 88004
34019 89475
27060 90450
20309 91056
14170 90397
8270 89218
2635 87660
-3061 85543
-9480 83353
-16827 82015
-24173 80840
-30584 79884
-37122 79585
-43723 80203
-49514 80689
-55278 81134
-59964 81787
-64370 82421
-68171 82608
-71761 82559
-75226 82119
-78544 81311
-81574 80432
-84473 79630
-86052 79324
-87499 79077
-88577 78996
-89156 78935
-88898 78962
-87789 79049
-86668 79197
-85497 79430
-83885 79779
-82082 80306
-80000 80877
-77930 81512
-75780 82024
-73011 82432
-69943 82585
-65831 82496
-61550 82133
-56932 81257
-51663 80885
-46229 80348
-40186 79874
-33512 79611
-26833 80302
-19988 81522
-13189 82569
-6438 84312
-486 86519
5139 88432
11112 89838
17264 90904
23432 90822
29750 90137
36119 89027
42685 87864
49651 85793
55748 83949
61875 82406
67559 81195
72361 80350
76964 80009
81061 79513
84919 79079
88764 78722
91708 78138
93909 77401
94899 76603
95886 75821
96545 74998
97457 74234
98381 73373
99230 72268
99611 71152
99955 70006
100236 67671
99982 64777
99380 61667
98160 57877
95801 52547
93202 47075
90368 41619
87557 35355
84054 28889
79639 22630
75358 16191
72892 9808
70538 3469
66945 -2741
63381 -8825
60289 -14011
57003 -17619
53682 -20493
50342 -22023
47249 -23517
44272 -24695
41562 -25129
39242 -25483
36923 -25635
34759 -25342
32969 -24712
31130 -24107
29116 -23771
26606 -23482
24207 -23201
21799 -22849
19584 -22294
17304 -21484
15067 -21177
12844 -20955
10761 -20602
8963 -19870
7164 -19871
6478 -19956
6090 -20019
5746 -19902
5419 -19684
5204 -19452
5003 -19318
4800 -19194
4645 -19042
4492 -18840
4307 -18595
4133 -18340
3975 -18041
3816 -17719
3634 -17351
3458 -16966
3233 -16486
3017 -15903
2775 -15325
2469 -14835
2193 -14316
1994 -13870
1878 -13415
1847 -13227
1856 -13292
1976 -13811
2206 -14343
2492 -14881
2809 -15387
3030 -15945
3255 -16535
3539 -17127
3827 -17741
4122 -18321
4357 -18655
4607 -18982
4927 -19272
5240 -19482
5552 -19780
7113 -19884
9079 -19981
11179 -20689
14220 -21110
17676 -21573
21246 -22738
25089 -23378
28931 -23733
31973 -24362
34691 -25316
37408 -25650
40117 -25316
42924 -25011
45712 -24201
48652 -22785
52008 -21395
55447 -19166
58850 -15878
62196 -10719
65851 -4852
69578 1432
72096 7867
74622 14298
77220 19646
81075 24250
84313 29489
87532 35307
90060 40985
92589 46112
95000 50331
96604 54439
98202 57947
99259 61097
99883 64102
100110 67064
99969 69989
99186 72351
97732 73983
96075 75576
94260 77165
92083 78028
89499 78584
86595 78993
82002 79402
77375 79962
72529 80336
67314 81271
61625 82468
55907 83910
50041 85674
44381 87499
38898 88281
34361 89411
30022 90095
25127 90652
20525 91050
16010 90707
12003 90031
8125 89187
4346 88205
281 86786
-3822 85247
-6998 84127
-10181 83172
-13263 82555
-16134 82134
-18376 81726
-20618 81437
-22719 81102
-25177 80656
-28336 80133
-31755 79770
-35128 79582
-39046 79736
-42947 80164
-47135 80408
-51339 80864
-55533 81145
-58293 81457
-60904 81998
-62866 82315
-64798 82436
-66437 82551
-68036 82610
-69511 82601
-70911 82586
-72122 82528
-72717 82468
-73307 82403
-73903 82330
-74051 82306
-72938 82442
-71834 82553
-70633 82576
-69296 82602
-67761 82612
-65899 82502
-62988 82327
-59749 81738
-55869 81170
-50241 80777
-44856 80264
-39291 79764
-33190 79630
-27043 80273
-21940 81256
-16360 82094
-10826 83031
-5239 84722
-343 86570
4477 88246
9358 89448
14243 90408
19204 91045
24249 90736
29883 90118
36056 89045
42257 87937
48549 86120
54663 84268
60663 82703
66572 81441
72418 80343
77836 79919
81771 79434
85218 79067
88638 78753
91413 78225
93859 77430
94921 76588
95955 75734
96872 74676
98001 73744
99008 72624
99760 70345
100346 68010
100060 65487
99612 62913
99077 60179
97882 57274
96539 54253
95111 50660
93003 46771
90927 42843
89032 38713
87063 34453
84506 29927
82062 25367
78681 21541
75642 16921
73851 12223
71966 7507
70212 2846
67586 -1604
65133 -6057
62433 -10305
60161 -14221
57839 -16830
55629 -19015
53443 -20629
51317 -21693
49405 -22389
47963 -23147
46634 -23842
45464 -24289
44429 -24656
43393 -24892
42338 -25091
41316 -25145
40717 -25208
40364 -25260
40199 -25297
40521 -25236
40918 -25181
41640 -25127
42702 -25050
43759 -24800
44877 -24489
45995 -24094
47136 -23580
48366 -22938
49563 -22320
51067 -21787
52945 -20899
54862 -19654
56969 -17656
59128 -15570
61128 -12693
63046 -9353
65515 -5470
68225 -543
70961 4482
72868 9752
74872 14840
77086 19454
80876 24050
84295 29439
87357 34973
89804 40525
92235 45578
94797 49848
96503 54156
97931 57389
99156 60463
99790 63509
100125 66377
100457 69046
99615 71326
98183 73568
96408 75195
94618 76865
91057 78323
86906 78967
81114 79507
75162 80096
69224 80740
63235 82085
56129 83850
49006 85977
41549 87995
34155 89449
27586 90412
21465 91018
15235 90561
8785 89323
3181 87843
-2309 85844
-8001 83830
-15011 82310
-22330 81179
-28934 80090
-35520 79569
-42228 80124
-48896 80599
-55617 81151
-60036 81804
-64177 82413
-67550 82609
-70568 82573
-72865 82452
-74934 82163
-76944 81786
-78485 81332
-79946 80894
-81163 80525
-82282 80251
-82902 80066
-82742 80108
-82436 80204
-82030 80318
-81523 80445
-80639 80671
-79458 81040
-77991 81492
-76437 81900
-74788 82182
-73158 82416
-70981 82586
-68733 82616
-66237 82533
-63110 82336
-59531 81692
-54679 81092
-49100 80623
-43183 80174
-37284 79595
-31521 79793
-25773 80520
-20304 81481
-14937 82321
-9759 83282
-5531 84616
-1719 86085
2076 87480
5904 88645
9857 89552
13877 90349
18626 91014
23723 90788
28590 90296
33536 89555
38498 88380
44217 87542
50192 85618
56404 83775
62618 82224
68493 80909
74522 80134
80331 79600
85937 79058
90824 78379
93711 77501
96008 75662
98256 73497
99599 71007
100371 68079
99997 64974
99364 61597
98305 58113
96665 54616
94663 49574
91641 44337
88866 38233
85724 32101
82378 25784
77154 19551
73873 12286
71043 4714
67909 -1030
64631 -6753
61476 -12005
58324 -16389
55010 -19532
51646 -21561
48036 -23113
44545 -24620
41273 -25147
37913 -25627
34790 -25353
31931 -24346
29071 -23762
26060 -23477
23163 -23020
20240 -22509
17511 -21528
14776 -21158
12184 -20860
9749 -20337
7314 -19786
4891 -19250
4156 -18380
3597 -17268
3037 -15965
2425 -14748
1897 -13509
1706 -12418
1615 -11349
1474 -10306
1410 -9340
1438 -8653
1509 -8033
1645 -7580
1731 -7156
1849 -6838
1852 -6539
1754 -6214
1579 -5870
1392 -5522
1193 -5097
985 -4585
726 -4055
506 -3482
282 -2866
112 -2354
37 -1881
12 -1438
16 -1254
38 -1133
44 -1062
45 -1001
45 -1030
41 -1099
24 -1207
11 -1419
27 -1655
46 -1961
81 -2238
137 -2444
194 -2639
298 -2920
419 -3202
549 -3624
776 -4165
1030 -4712
1272 -5289
1566 -5850
1811 -6364
1818 -6948
1654 -7523
1466 -8246
1403 -9139
1475 -10233
1622 -11432
1764 -12735
2135 -14207
2964 -15709
3725 -17541
4511 -18868
7025 -19899
11039 -20666
15144 -21185
19543 -22282
24299 -23218
28977 -23743
33547 -24887
37870 -25630
42121 -25104
46515 -23895
50859 -21858
54710 -19775
58196 -16509
61289 -12399
64258 -7379
67480 -1792
70667 3759
72727 9427
74951 15008
77904 20547
82217 25573
85261 31425
88389 37065
91047 43078
93654 47732
95722 52356
97722 56949
99130 60371
99836 63747
100095 66848
100089 69824
99613 71344
98914 72760
97540 74166
96087 75559
94529 76940
91643 78157
84962 79077
77196 79985
68950 80790
60371 82762
50926 85366
41606 87991
32046 89785
22670 90907
13447 90280
5278 88469
-2837 85631
-12315 82738
-21862 81269
-31445 79801
-39774 79820
-47750 80471
-55785 81163
-60971 82011
-65565 82475
-70156 82574
-73830 82341
-77496 81634
-80744 80640
-83469 79897
-85996 79333
-87670 79057
-89283 78919
-89718 78870
-90019 78828
-90081 78820
-89959 78833
-89657 78877
-89029 78948
-87556 79070
-84876 79549
-82132 80294
-78900 81203
-75296 82106
-70770 82582
-65364 82459
-59232 81632
-52506 80936
-44782 80260
-36722 79570
-27822 80182
-19032 81636
-10324 83137
-3897 85219
2007 87460
7981 89156
14315 90421
20745 91045
26833 90467
33128 89612
39722 88125
46573 86788
52459 84860
58672 83136
64850 81802
70947 80474
76502 80056
81275 79491
85817 79056
89312 78614
91576 78175
93297 77686
94467 76997
95588 76146
96335 75277
97124 74492
97949 73799
98648 73069
99220 72290
99568 71527
99601 70990
99680 70486
99925 70034
100244 69572
100457 69077
100453 68579
100358 68045
100122 66336
99780 63478
98957 59684
96312 53662
93313 47243
89827 40564
86359 33144
82312 25697
76854 19093
73640 11655
70804 4068
67748 -1315
64763 -6544
61847 -11308
58997 -15731
55966 -18720
52164 -21316
48504 -22864
45065 -24414
42383 -25089
39723 -25394
37235 -25643
34857 -25375
32586 -24592
30364 -23967
27665 -23526
24862 -23348
21973 -22872
19251 -22179
17100 -21452
14597 -21146
12109 -20846
9672 -20311
7280 -19810
4961 -19294
4409 -18721
3949 -17996
3478 -17009
3048 -15989
2632 -15096
2096 -14134
1820 -13049
1665 -12094
1599 -11212
1474 -10402
1474 -9606
1451 -8841
1447 -8408
1518 -8004
1626 -7660
1681 -7366
1766 -7073
1855 -6794
1840 -6473
1728 -6151
1545 -5809
1367 -5474
1184 -5077
1061 -4776
971 -4538
881 -4351
800 -4212
735 -4078
692 -3987
635 -3843
597 -3741
578 -3694
567 -3669
534 -3582
498 -3456
483 -3406
451 -3305
435 -3251
393 -3130
352 -3037
320 -2968
289 -2894
263 -2812
180 -2596
119 -2373
65 -2142
42 -1932
27 -1728
17 -1546
9 -1401
9 -1345
14 -1459
36 -1855
93 -2286
254 -2785
470 -3354
655 -3892
921 -4424
1200 -5120
1555 -5831
1850 -6522
1707 -7240
1525 -7991
1452 -8826
1493 -9686
1534 -10800
1653 -11957
1952 -13726
2897 -15539
3794 -17672
4712 -19133
6893 -19921
10563 -20552
14669 -21151
18947 -22059
23076 -23009
28554 -23654
34127 -25091
40036 -25335
45425 -24302
51153 -21756
56623 -18026
62082 -10900
67006 -2631
71984 7561
76474 18479
83726 28159
88788 37994
92341 45743
95863 52691
98809 59201
99966 64655
100239 67689
99647 70556
98417 73337
95653 76089
92282 77978
86523 79002
77256 79979
67069 81335
56952 83635
46914 86688
36571 88893
27289 90436
16840 90848
6625 88833
-3437 85398
-13043 82596
-24248 80826
-35282 79575
-45298 80288
-55109 81124
-62246 82252
-69013 82611
-75646 82047
-79403 81055
-82486 80190
-84703 79585
-86332 79264
-87910 79044
-89347 78911
-90447 78792
-91123 78688
-91309 78657
-91370 78648
-90940 78720
-90262 78804
-89473 78898
-88392 79009
-87004 79145
-84415 79644
-81728 80398
-78666 81271
-75080 82141
-71196 82587
-67269 82595
-62307 82263
-56609 81232
-50705 80823
-44033 80225
-37364 79599
-30275 79915
-22483 81151
-14864 82332
-8770 83571
-2685 85691
3247 87865
9288 89432
15802 90666
22521 90924
29002 90241
35451 89183
41846 87977
48326 86191
54894 84210
61440 82517
68028 81046
74951 80102
81438 79472
87853 78887
92590 77890
95790 75943
98220 73532
99706 70436
100118 67140
99531 62445
97825 57151
94878 50041
90970 42924
86663 33729
81938 25197
76075 17769
73079 10270
70230 2884
66293 -4046
62383 -10401
58571 -16147
54671 -19805
50620 -21939
46114 -24055
41718 -25123
37742 -25643
33711 -24935
28789 -23701
23801 -23127
19119 -22128
14449 -21130
9596 -20280
5212 -19460
3836 -17765
2710 -15211
1727 -12526
1493 -10026
1551 -7915
1674 -6041
1147 -4991
664 -3915
273 -2841
32 -1775
23 -910
14 -346
8 -92
3 -57
-5 -810
22 -1611
233 -2734
703 -4009
1281 -5312
1863 -6663
1512 -8018
1413 -9355
1575 -11028
1762 -12710
2163 -14259
3167 -16342
4171 -18401
7057 -19894
11401 -20720
16388 -21315
20850 -22651
28094 -23571
34587 -25276
41356 -25140
47893 -23182
54041 -20254
60041 -14438
65071 -6137
70268 2960
74235 13278
79410 22376
85121 31208
89458 39828
93572 47615
97062 55462
99401 61743
100094 66908
99592 70732
98631 73088
96390 75217
94139 77252
91187 78292
84712 79100
78020 79899
70560 80535
62251 82314
53772 84489
45902 86975
37953 88507
29413 90184
