37 -6
67 -8
81 -13
88 -20
94 -27
100 -35
100 -41
100 -47
98 -54
96 -61
82 -68
66 -75
47 -81
28 -80
-8 -76
-45 -68
-75 -60
-87 -50
-98 -38
-100 -27
-97 -15
-93 -2
-87 10
-76 20
-66 30
-52 38
-34 46
-16 52
2 57
14 57
27 56
41 57
55 58
67 59
79 56
87 53
89 49
92 42
94 35
87 28
73 21
52 13
30 9
7 4
-10 0
-25 -3
-37 -6
-49 -10
-51 -13
-51 -18
-48 -24
-41 -28
-33 -33
-28 -35
-22 -36
-17 -33
-12 -28
-9 -23
-6 -9
-2 4
19 16
41 27
62 37
74 43
83 45
89 46
95 43
87 40
79 38
63 36
43 35
23 34
3 34
-17 29
-30 20
-42 10
-55 -1
-66 -12
-75 -21
-83 -25
-82 -27
-82 -29
-69 -31
-57 -33
-39 -35
-27 -32
-15 -29
-3 -27
13 -24
30 -18
41 -12
46 -4
47 4
48 15
49 26
48 32
39 39
30 46
9 46
-12 46
-33 44
-51 38
-66 28
-78 16
-84 2
-89 -10
-94 -21
-99 -32
-93 -43
-84 -50
-74 -58
-62 -62
-49 -62
-36 -60
-24 -60
-7 -58
10 -57
28 -55
45 -48
63 -41
76 -31
83 -21
90 -11
96 -1
100 7
86 12
68 15
49 18
29 18
12 19
-1 18
-15 15
-29 9
-41 3
-53 -3
-62 -10
-66 -17
-72 -24
-78 -32
-84 -36
-86 -33
-87 -28
-86 -24
-85 -19
-83 -14
-81 -9
-76 -3
-71 3
-61 10
-37 21
-12 28
18 21
48 13
78 6
82 -3
87 -12
93 -21
89 -28
84 -34
79 -40
73 -36
67 -33
48 -29
30 -26
12 -20
-2 -14
-20 -8
-36 -2
-50 9
-61 21
-67 32
-71 44
-74 58
-76 71
-77 83
-75 94
-73 96
-67 98
-60 99
-51 99
-41 99
-31 99
-21 99
-11 88
-5 76
7 58
18 38
28 16
38 -3
51 -17
66 -30
77 -43
81 -54
85 -65
88 -76
89 -78
90 -79
91 -80
91 -81
91 -75
89 -63
86 -51
81 -35
70 -19
55 -5
37 10
23 24
9 37
-5 45
-19 61
-35 74
-50 85
-60 96
-67 97
-73 98
-79 98
-84 98
-89 95
-94 90
-98 74
-99 57
-100 39
-100 23
-100 9
-99 -5
-100 -19
-99 -34
-97 -49
-90 -64
-80 -73
-71 -78
-57 -80
-42 -78
-20 -69
1 -57
22 -42
40 -25
53 -10
59 5
64 27
69 46
77 65
80 83
81 96
82 99
82 100
78 95
65 89
52 82
39 64
27 44
13 25
-8 7
-29 -15
-51 -34
-63 -53
-74 -71
-83 -88
-90 -100
-91 -91
-91 -81
-87 -61
-84 -41
-79 -17
-76 7
-71 31
-65 51
-57 68
-49 84
-40 78
-31 68
-22 58
-11 50
0 39
10 30
21 24
30 18
38 13
45 8
51 3
59 -3
66 -10
71 -17
75 -23
80 -29
80 -34
78 -39
78 -43
78 -46
69 -48
59 -49
43 -49
24 -49
6 -47
-15 -39
-36 -32
-54 -26
-74 -20
-88 -13
-91 -6
-93 1
-96 8
-72 15
-48 23
-20 29
7 37
24 46
41 48
53 50
65 43
65 36
58 29
47 21
34 11
21 2
6 -12
-7 -23
-21 -30
-35 -45
-49 -52
-62 -59
-72 -63
-81 -63
-88 -63
-92 -60
-96 -53
-99 -44
-92 -34
-84 -24
-69 -10
-51 9
-32 30
-9 49
25 66
54 78
78 84
87 89
94 94
99 98
98 100
96 100
94 100
91 98
87 96
83 94
77 91
65 88
51 85
34 82
17 77
2 72
-13 64
-26 52
-39 38
-53 20
-66 0
-64 -19
-63 -38
-60 -52
-56 -63
-50 -74
-43 -86
-39 -94
-36 -100
-32 -100
-27 -99
-19 -92
-11 -85
-3 -76
5 -64
14 -55
23 -45
32 -33
39 -17
40 -3
44 12
47 28
50 43
53 58
56 71
58 85
58 97
58 100
55 100
53 95
50 90
46 84
46 76
45 69
43 64
43 60
43 53
42 47
38 39
32 32
26 23
21 12
17 1
12 -7
10 -18
8 -25
11 -31
11 -37
11 -42
14 -46
17 -44
21 -42
25 -41
31 -41
35 -40
37 -41
37 -43
35 -48
31 -49
28 -51
26 -51
22 -51
20 -51
19 -51
19 -49
19 -45
18 -42
20 -37
22 -31
23 -23
23 -15
20 -7
16 2
11 9
6 19
3 33
1 47
1 59
4 64
8 68
9 72
4 75
-5 74
-11 72
-17 67
-23 59
-28 47
-33 35
-38 23
-40 9
-43 -5
-48 -20
-50 -35
-52 -50
-53 -69
-54 -87
-52 -95
-49 -100
-46 -95
-41 -88
-35 -78
-29 -66
-23 -51
-12 -37
0 -19
13 11
24 42
36 68
47 87
58 90
67 92
76 93
85 93
93 93
96 92
99 91
97 89
95 87
93 85
90 79
75 67
59 55
33 38
5 10
-29 -19
-52 -49
-73 -72
-81 -86
-86 -90
-88 -94
-86 -96
-84 -96
-78 -95
-72 -93
-65 -90
-57 -86
-52 -80
-48 -74
-45 -60
-44 -43
-42 -24
-36 -5
-30 12
-24 29
-18 46
-10 57
4 67
20 75
36 80
51 80
61 80
68 67
74 53
78 37
82 20
85 0
84 -20
79 -41
74 -62
69 -75
64 -86
59 -97
55 -98
51 -98
46 -97
40 -91
31 -81
20 -61
11 -40
2 -15
-5 7
-16 29
-25 51
-34 73
-42 81
-50 84
-55 85
-59 84
-62 84
-64 83
-66 78
-62 71
-58 64
-54 58
-52 45
-46 31
-39 16
-23 -4
-5 -24
12 -45
30 -61
44 -76
58 -89
72 -93
85 -93
91 -92
92 -91
93 -89
90 -82
87 -69
76 -52
61 -35
45 -18
32 -1
18 11
3 24
-18 38
-38 50
-48 61
-60 71
-73 81
-80 90
-83 98
-82 99
-80 100
-78 100
-73 99
-64 97
-52 94
-38 89
-23 84
-9 79
9 74
27 69
42 62
54 56
63 51
73 47
83 43
90 36
94 27
98 20
98 13
95 5
86 -6
77 -18
64 -31
50 -44
35 -57
20 -69
5 -76
-8 -82
-21 -87
-33 -91
-44 -91
-55 -92
-63 -91
-71 -87
-79 -79
-86 -71
-89 -63
-92 -55
-92 -47
-82 -40
-67 -29
-52 -20
-35 -15
-19 -13
-3 -9
13 -4
29 6
45 15
61 24
76 29
88 34
96 38
98 42
99 46
100 54
98 62
96 69
92 74
86 72
78 67
70 57
61 42
51 27
43 4
34 -12
25 -25
16 -35
6 -39
-3 -41
-11 -44
-21 -47
-29 -50
-30 -52
-26 -54
-20 -55
-13 -54
-5 -53
4 -52
10 -48
16 -44
21 -40
25 -35
26 -31
28 -27
28 -24
20 -20
11 -19
1 -17
-5 -14
-12 -10
-19 3
-28 19
-36 34
-44 47
-45 56
-46 66
-47 74
-48 80
-48 84
-47 85
-46 85
-38 84
-29 80
-21 74
-13 70
-5 63
8 55
20 46
27 38
33 24
40 8
45 -6
50 -19
54 -30
54 -41
53 -51
51 -61
48 -71
47 -80
46 -84
44 -88
41 -91
38 -93
35 -93
31 -93
27 -93
21 -90
15 -88
7 -86
1 -79
-4 -67
-9 -53
-14 -40
-19 -26
-25 -9
-32 7
-38 24
-44 35
-48 40
-53 45
-57 40
-61 33
-68 24
-75 17
-81 11
-85 5
-90 0
-92 -6
-94 -9
-94 -10
-93 -11
-87 -11
-73 -3
-50 7
-25 14
4 12
33 10
56 0
78 -4
97 -8
97 -9
94 -9
88 -9
81 -7
73 -3
66 2
53 9
39 14
19 19
-1 23
-19 27
-33 26
-46 23
-57 20
-68 17
-74 15
-81 16
-88 14
-89 11
-79 8
-65 7
-41 5
-16 10
11 18
38 21
59 25
79 29
90 33
91 37
87 41
82 45
77 50
72 55
66 55
61 55
54 47
46 38
38 28
31 21
19 12
10 3
3 -9
-3 -21
-11 -35
-17 -51
-22 -67
-27 -80
-31 -80
-26 -74
-22 -70
-17 -64
-12 -53
-7 -43
-1 -32
6 -20
13 -8
20 2
29 9
37 9
45 10
52 12
54 12
56 13
58 14
51 13
42 13
34 12
25 11
14 13
5 15
-4 19
-16 24
-27 26
-35 28
-43 28
-42 25
-41 26
-37 23
-33 18
-25 12
-15 7
-3 4
18 1
38 -7
46 -15
54 -22
62 -27
69 -32
75 -36
80 -35
85 -32
90 -29
95 -26
90 -23
81 -19
73 -11
63 -3
54 4
46 11
33 18
21 25
9 32
-5 35
-19 33
-33 7
-43 -20
-53 -41
-63 -62
-75 -77
-85 -90
-94 -95
-96 -97
-97 -98
-98 -97
-99 -92
-99 -85
-99 -78
-94 -71
-89 -61
-84 -48
-66 -35
-50 -22
-32 -8
-14 7
4 23
21 32
33 40
45 47
58 53
70 58
82 57
91 56
94 51
96 45
99 39
98 29
94 20
88 10
81 0
66 -9
52 -19
37 -28
24 -37
8 -45
-7 -46
-24 -49
-37 -51
-50 -53
-60 -56
-70 -54
-71 -48
-69 -40
-67 -30
-63 -21
-59 -9
-54 6
-50 19
-49 32
-47 41
-40 49
-32 52
-25 54
-17 55
-11 57
-5 59
3 63
15 67
24 71
29 72
32 73
33 73
34 74
32 76
29 77
21 79
13 69
6 52
-2 29
-11 8
-20 -9
-29 -23
-34 -36
-40 -49
-49 -60
-55 -68
-61 -69
-67 -70
-75 -72
-81 -74
-86 -76
-91 -75
-96 -72
-91 -68
-69 -64
-46 -59
-24 -53
-9 -47
5 -39
20 -27
35 -11
49 -1
63 9
64 15
67 22
70 28
74 31
77 29
80 27
83 26
86 25
89 21
90 17
92 11
90 3
86 -5
81 -11
76 -19
71 -26
66 -34
61 -44
51 -53
37 -56
27 -58
17 -58
6 -58
-5 -55
-13 -52
-21 -49
-29 -46
-31 -33
-33 -20
-36 -4
-35 12
-32 27
-27 36
-25 46
-24 57
-20 65
-19 73
-18 80
-15 86
-12 90
-9 93
-7 96
1 99
9 97
17 92
21 87
23 83
24 78
25 69
26 60
27 51
20 38
13 26
11 14
9 2
8 -11
7 -25
6 -38
7 -49
8 -63
12 -76
15 -81
18 -85
20 -85
19 -69
18 -52
15 -33
10 -11
7 10
4 32
0 48
-6 63
-12 79
-18 84
-25 89
-30 92
-34 94
-30 96
-26 100
-23 100
-20 100
-17 99
-12 99
-9 99
-6 99
-3 98
-2 95
-2 87
-2 70
-1 50
-3 29
-3 11
-2 -4
-2 -20
4 -36
12 -50
21 -63
30 -70
36 -77
40 -83
44 -87
45 -89
46 -89
46 -87
47 -82
49 -76
49 -69
43 -61
37 -52
28 -46
19 -37
10 -31
2 -25
-4 -20
-9 -15
-13 -11
-18 -1
-22 11
-26 19
-25 30
-23 37
-24 45
-25 52
-25 59
-26 66
-28 71
-30 76
-29 79
-28 82
-27 86
-22 87
-17 88
-13 87
-8 84
-4 77
3 69
7 61
7 49
6 37
4 26
1 16
-2 1
-4 -11
-7 -21
-10 -29
-14 -39
-18 -47
-18 -52
-18 -57
-19 -59
-20 -62
-20 -66
-16 -69
-11 -71
-6 -73
1 -76
8 -79
16 -82
22 -85
26 -87
30 -82
31 -75
29 -68
25 -58
22 -50
18 -40
14 -31
10 -17
5 -2
0 12
-3 28
-5 39
-4 50
0 59
2 64
3 70
3 75
1 84
-1 90
-3 96
-6 98
-9 97
-14 95
-19 86
-25 77
-27 67
-28 52
-28 32
-27 11
-17 -12
-11 -37
-5 -61
-1 -72
3 -84
7 -93
11 -96
16 -99
21 -99
28 -98
30 -97
32 -95
27 -92
20 -89
13 -86
5 -83
-1 -79
-7 -74
-12 -68
-19 -60
-28 -52
-36 -43
-47 -35
-59 -24
-65 -13
-72 1
-74 17
-76 31
-78 43
-78 52
-70 61
-62 65
-53 69
-44 69
-37 67
-29 65
-19 65
-9 64
-2 63
2 61
5 60
8 59
10 59
7 60
0 57
-7 53
-8 52
-10 52
-12 54
-14 58
-12 64
-10 70
-10 77
-10 83
-5 89
0 88
5 87
8 86
11 84
15 81
21 67
26 48
31 30
39 0
50 -29
61 -56
73 -73
85 -80
96 -84
100 -86
100 -87
94 -86
88 -85
76 -83
58 -81
39 -64
18 -44
-5 -25
-26 0
-47 18
-60 39
-69 60
-76 80
-79 97
-78 98
-75 96
-71 89
-67 82
-63 75
-59 64
-52 52
-45 42
-38 29
-32 12
-26 -6
-21 -24
-18 -41
-18 -58
-15 -75
-12 -88
-8 -91
-3 -89
3 -87
8 -81
11 -72
15 -62
18 -50
19 -32
21 -12
25 10
27 27
27 34
25 43
21 51
16 59
9 67
3 71
-2 74
-6 77
-9 76
-11 76
-7 71
-3 58
-5 41
-7 23
-13 1
-17 -21
-21 -42
-24 -62
-25 -83
-26 -100
-29 -97
-33 -90
-37 -81
-42 -71
-44 -61
-46 -50
-51 -39
-55 -27
-58 -14
-61 1
-61 16
-62 31
-61 47
-60 63
-59 79
-55 89
-51 92
-48 95
-45 96
-42 96
-39 96
-36 85
-32 74
-28 62
-25 47
-22 34
-20 16
-18 -3
-10 -22
2 -36
14 -49
30 -59
40 -67
51 -75
62 -84
72 -89
81 -92
83 -95
83 -94
83 -93
75 -88
62 -82
48 -70
33 -56
19 -41
5 -18
-11 5
-29 33
-46 61
-59 78
-71 86
-78 83
-84 80
-89 76
-93 69
-96 56
-96 41
-97 26
-98 7
-97 -12
-96 -32
-89 -50
-82 -61
-73 -71
-65 -80
-52 -81
-39 -81
-28 -79
-17 -77
-6 -74
4 -72
11 -67
16 -62
17 -60
12 -58
5 -57
-1 -56
-7 -55
-12 -55
-14 -55
-17 -50
-20 -43
-29 -33
-37 -18
-47 -3
-53 13
-53 25
-48 36
-39 44
-29 50
-19 59
-12 65
-7 62
4 52
15 42
27 31
33 20
39 7
40 -5
42 -15
44 -23
47 -30
49 -36
53 -42
57 -48
57 -53
57 -57
61 -58
65 -54
70 -44
74 -34
77 -24
80 -15
85 -5
90 6
87 16
82 24
64 30
45 32
18 34
-7 34
-33 33
-60 24
-84 15
-99 7
-99 -2
-98 -10
-95 -17
-91 -25
-85 -32
-76 -37
-63 -41
-50 -44
-38 -47
-26 -47
-13 -48
0 -49
13 -51
25 -54
40 -58
55 -62
66 -66
76 -66
87 -65
97 -64
96 -62
95 -61
83 -61
70 -64
57 -67
42 -67
29 -62
17 -51
5 -42
-11 -33
-25 -22
-39 -8
-49 5
-58 18
-57 31
-55 44
-51 56
-47 67
-44 73
-39 76
-30 72
-20 68
-11 64
-3 61
4 57
11 52
16 47
21 43
25 38
29 28
35 18
37 7
36 -4
35 -13
33 -22
32 -30
30 -43
28 -56
25 -69
21 -81
17 -84
14 -85
13 -77
12 -65
10 -55
9 -39
8 -22
9 -7
12 9
14 24
18 40
21 54
26 55
30 57
35 53
39 50
42 46
43 34
44 21
45 9
47 -2
53 -8
58 -14
59 -20
60 -26
58 -32
59 -36
59 -39
59 -40
56 -41
53 -33
50 -25
47 -20
40 -10
30 -1
20 6
11 12
1 14
-6 17
-13 20
-26 20
-39 18
-52 11
-65 3
-76 -4
-86 -13
-93 -19
-97 -25
-100 -31
-94 -37
-87 -43
-77 -49
-65 -53
-47 -56
-28 -61
-5 -64
19 -67
41 -69
62 -67
78 -65
87 -63
94 -59
97 -55
100 -51
99 -49
98 -52
94 -54
88 -56
78 -59
67 -60
56 -60
38 -61
20 -53
2 -43
-24 -33
-49 -18
-66 -1
-78 19
-86 39
-89 57
-92 71
-94 80
-95 85
-96 90
-95 92
-86 93
-73 94
-60 78
-47 49
-31 18
-18 -12
-5 -41
4 -62
13 -75
22 -82
32 -86
40 -90
43 -88
46 -86
49 -79
46 -72
39 -65
35 -59
29 -54
23 -43
15 -31
6 -15
-2 0
-12 13
-22 25
-29 35
-35 41
-41 47
-47 52
-54 54
-61 57
-66 60
-70 62
-75 64
-76 64
-64 61
-50 54
-36 46
-17 36
12 24
39 11
62 -4
70 -17
76 -29
79 -39
81 -48
82 -54
78 -60
70 -63
61 -66
51 -64
34 -61
15 -58
-1 -53
-15 -46
-33 -39
-50 -31
-64 -22
-78 -16
-89 -15
-97 -14
-99 -11
-100 -4
-99 3
-98 10
-94 16
-72 20
-51 20
-28 20
-6 18
17 16
43 16
65 14
71 12
74 10
72 8
66 6
60 5
48 5
34 7
19 9
3 10
-15 11
-33 12
-48 13
-52 14
-54 16
-49 16
-40 14
-30 16
-13 18
5 18
29 20
54 20
71 22
86 23
95 24
99 25
94 25
88 24
75 18
60 10
42 3
24 -3
7 -10
-7 -15
-23 -17
-37 -14
-49 -12
-58 -12
-64 -13
-71 -5
-78 6
-83 15
-85 26
-86 35
-87 44
-87 53
-87 61
-86 68
-82 75
-77 72
-69 69
-61 64
-54 61
-48 59
-41 53
-33 47
-24 39
-14 30
-3 19
6 7
12 -6
22 -19
30 -32
36 -44
42 -56
50 -62
55 -65
61 -62
67 -58
64 -52
61 -46
56 -36
50 -26
41 -19
31 -19
22 -18
13 -15
4 -14
0 -13
-3 -8
-6 -3
-9 2
-12 7
-12 11
-11 17
-9 24
-5 31
2 30
9 27
23 26
37 26
50 24
63 25
78 25
92 22
100 21
95 21
89 20
87 19
84 18
78 18
70 21
61 23
51 24
43 26
33 28
23 31
12 35
6 39
1 45
-8 49
-19 54
-36 59
-53 60
-71 59
-85 58
-90 57
-95 57
-100 56
-99 52
-98 48
-97 44
-96 36
-87 28
-69 19
-46 11
-17 -2
0 -14
19 -22
30 -37
44 -51
57 -65
67 -71
77 -65
87 -49
91 -31
94 -11
98 12
99 35
99 53
98 70
97 85
96 95
88 97
80 99
68 99
55 92
35 83
17 75
-2 64
-27 50
-52 36
-70 23
-80 10
-90 -3
-100 -12
-100 -21
-100 -30
-100 -41
-92 -52
-74 -63
-56 -70
-35 -76
-14 -81
7 -77
28 -78
48 -75
64 -71
80 -59
90 -46
94 -30
99 -13
100 5
98 23
93 40
85 59
74 77
56 84
33 87
10 85
-14 82
-37 76
-61 72
-77 67
-86 62
-86 58
-86 52
-85 46
-82 40
-79 31
-75 22
-71 9
-64 -8
-57 -25
-52 -38
-47 -50
-42 -62
-36 -72
-29 -79
-21 -83
-17 -87
-13 -88
-6 -89
1 -89
8 -86
15 -83
22 -78
27 -69
32 -60
30 -49
27 -32
22 -9
7 17
-6 47
-18 77
-33 87
-48 94
-58 94
-61 94
-65 93
-68 91
-66 86
-64 69
-61 51
-58 25
-52 -3
-48 -25
-40 -47
-32 -61
-26 -72
-17 -81
-8 -88
2 -95
15 -99
27 -100
38 -98
47 -93
56 -72
59 -51
63 -25
66 -2
70 23
66 41
58 54
48 63
38 72
29 78
21 83
13 87
5 92
-4 92
-15 92
-25 91
-33 89
-40 86
-47 83
-53 80
-60 73
-69 66
-78 59
-87 45
-93 31
-96 15
-99 -1
-97 -17
-96 -33
-75 -49
-51 -61
-25 -69
1 -69
24 -64
38 -58
53 -53
68 -45
78 -36
85 -24
89 -11
87 2
83 17
79 30
75 43
70 56
65 68
59 68
53 70
45 71
40 72
35 67
32 57
28 35
21 10
13 -14
3 -35
-7 -51
-16 -59
-27 -67
-36 -75
-44 -83
-52 -85
-53 -85
-51 -84
-46 -82
-40 -75
-36 -69
-33 -64
-30 -61
-27 -59
-25 -54
-22 -45
-19 -35
-16 -19
-10 -2
-1 15
8 39
12 61
12 79
12 97
13 94
11 90
9 88
9 86
9 83
5 76
2 71
1 64
1 55
3 47
-2 36
-9 25
-14 11
-24 -6
-34 -23
-38 -41
-41 -53
-47 -63
-53 -74
-57 -82
-57 -85
-56 -87
-55 -79
-54 -62
-50 -45
-46 -31
-45 -17
-44 -2
-42 14
-36 26
-30 37
-22 49
-12 61
-2 73
8 81
14 82
20 79
24 69
21 59
15 43
10 26
7 9
6 -7
7 -21
8 -34
11 -43
12 -52
3 -57
-5 -62
-12 -64
-18 -72
-25 -79
-33 -82
-40 -83
-45 -85
-50 -87
-56 -86
-62 -80
-67 -72
-70 -63
-73 -52
-77 -41
-79 -29
-81 -17
-84 -6
-85 9
-86 26
-87 42
-87 58
-80 72
-67 80
-53 85
-37 90
-21 95
-4 98
12 100
30 84
49 60
66 26
81 -5
91 -30
98 -49
98 -63
96 -76
86 -88
75 -99
61 -100
46 -98
27 -95
8 -90
-9 -76
-24 -63
-37 -43
-50 -19
-57 6
-63 28
-70 49
-63 68
-54 82
-45 91
-36 98
-27 93
-18 87
-8 80
9 73
27 66
44 51
55 29
70 8
80 -13
89 -34
93 -54
97 -65
97 -75
97 -84
92 -87
85 -84
77 -81
61 -77
41 -73
21 -59
1 -36
-19 -10
-33 15
-50 42
-66 67
-79 89
-89 90
-97 89
-95 88
-93 78
-87 64
-80 47
-65 29
-50 10
-35 -6
-19 -22
-1 -37
17 -48
36 -59
51 -69
63 -72
72 -70
79 -66
84 -62
84 -58
80 -53
78 -48
76 -43
72 -39
64 -34
54 -28
44 -26
32 -25
17 -26
7 -30
-2 -35
-11 -43
-20 -48
-27 -51
-34 -52
-40 -57
-49 -61
-56 -64
-62 -65
-68 -66
-72 -67
-76 -70
-78 -71
-80 -69
-83 -66
-85 -54
-87 -42
-89 -31
-87 -21
-85 -10
-81 2
-66 14
-51 32
-36 45
-20 57
-2 71
16 81
34 87
50 84
61 81
69 76
77 70
83 61
89 51
91 42
93 33
90 25
86 18
72 10
50 3
21 -7
-6 -17
-29 -24
-48 -29
-66 -30
-82 -28
-88 -25
-94 -19
-100 -13
-99 -7
-98 1
-92 10
-86 21
-79 32
-70 42
-60 50
-52 53
-36 55
-20 55
-4 58
12 62
31 66
48 69
61 72
73 75
83 77
92 78
96 79
100 79
99 77
97 75
95 72
85 65
74 55
63 43
43 31
20 14
-6 -2
-31 -19
-49 -35
-65 -42
-79 -49
-89 -57
-93 -64
-90 -71
-85 -77
-75 -82
-62 -86
-49 -89
-35 -88
-23 -81
-11 -70
-2 -57
7 -44
17 -25
26 -5
33 15
38 31
40 47
41 61
38 71
35 80
32 86
27 92
20 97
13 95
8 92
3 87
-1 77
-3 65
-7 49
-11 31
-14 14
-26 -2
-36 -17
-42 -30
-48 -42
-53 -52
-55 -59
-56 -67
-58 -75
-62 -82
-66 -89
-68 -88
-70 -87
-73 -84
-76 -72
-79 -60
-82 -48
-85 -37
-86 -23
-83 -9
-75 6
-67 23
-59 42
-55 58
-52 72
-47 80
-42 87
-37 89
-31 87
-24 86
-17 79
-9 72
0 62
8 50
16 39
26 27
34 17
47 6
54 -3
60 -12
63 -21
63 -29
67 -41
70 -53
74 -64
77 -71
75 -78
67 -84
57 -90
47 -94
32 -96
16 -98
-2 -99
-21 -91
-39 -80
-53 -67
-67 -49
-70 -31
-72 -14
-69 3
-67 22
-64 39
-58 56
-52 69
-45 81
-38 82
-31 81
-23 78
-14 71
-6 62
2 47
9 33
17 20
25 5
22 -10
19 -25
7 -40
-6 -50
-25 -58
-47 -66
-69 -72
-89 -77
-96 -78
-98 -79
-93 -76
-88 -72
-79 -66
-70 -59
-50 -52
-27 -41
-4 -30
28 -17
58 -1
70 13
77 24
84 34
91 46
94 55
94 63
91 72
86 78
75 84
64 87
53 86
42 85
31 84
18 83
7 71
-4 51
-16 30
-28 4
-40 -17
-55 -34
-64 -50
-73 -63
-74 -75
-75 -86
-76 -95
-77 -94
-78 -86
-75 -73
-73 -43
-71 -10
-69 20
-72 50
-75 79
-71 99
-66 92
-61 77
-57 56
-49 35
-42 16
-35 -1
-29 -17
-23 -28
-18 -39
-7 -47
4 -59
16 -71
26 -83
36 -88
46 -81
56 -63
65 -43
68 -21
71 5
66 29
49 52
32 69
16 86
2 92
-8 98
-18 100
-28 100
-38 100
-46 100
-52 100
-58 100
-63 100
-68 98
-73 92
-78 86
-83 71
-87 57
-86 43
-86 29
-78 13
-69 -6
-61 -25
-55 -44
-50 -61
-46 -73
-39 -79
-32 -83
-25 -82
-18 -77
-12 -72
-5 -68
3 -61
11 -52
19 -36
27 -22
29 -8
32 7
39 21
46 31
57 38
63 40
69 44
75 48
80 48
82 46
84 42
85 40
78 40
66 40
50 40
24 39
-9 42
-36 44
-62 42
-88 39
-90 36
-88 32
-85 22
-81 12
-77 2
-70 -7
-61 -15
-53 -23
-45 -35
-37 -45
-30 -55
-19 -62
-6 -71
10 -78
26 -84
41 -88
54 -93
64 -98
71 -93
78 -86
85 -79
89 -70
91 -61
93 -52
95 -37
94 -22
91 -8
86 7
81 22
68 38
55 54
39 70
22 78
8 85
-8 93
-23 94
-37 94
-52 93
-65 90
-74 86
-81 82
-83 75
-85 63
-85 51
-76 42
-67 17
-58 -10
-46 -36
-33 -55
-21 -69
-8 -79
5 -90
18 -94
31 -85
43 -78
54 -62
65 -47
74 -32
72 -15
70 3
60 16
49 27
36 37
23 49
9 55
-4 60
-17 60
-33 59
-47 59
-61 59
-73 58
-84 57
-93 56
-96 54
-99 47
-100 40
-97 32
-86 24
-73 18
-54 12
-36 8
-18 1
0 -4
19 -5
39 -3
54 0
65 4
74 6
83 7
94 9
96 9
95 8
89 6
82 3
74 0
66 1
45 2
23 5
3 9
-17 9
-34 8
-53 7
-75 5
-87 6
-97 8
-92 9
-81 9
-70 11
-54 14
-37 17
-12 18
16 9
42 2
63 -7
71 -16
80 -25
83 -30
82 -35
80 -42
77 -50
73 -57
69 -64
64 -69
55 -74
45 -78
37 -82
27 -85
17 -86
8 -88
-2 -89
-11 -90
-19 -82
-29 -75
-38 -68
-48 -61
-58 -49
-68 -37
-60 -25
-51 -16
-43 -8
-41 0
-38 6
-39 12
-34 15
-28 18
-17 19
-5 17
-2 15
1 13
8 7
17 -2
26 -7
35 -14
43 -23
53 -30
64 -36
74 -43
85 -51
93 -59
93 -67
93 -74
93 -80
92 -86
90 -89
85 -69
80 -47
66 -26
51 -2
42 24
34 50
26 68
20 86
12 86
2 84
-11 79
-24 74
-39 72
-55 70
-65 68
-75 66
-81 57
-80 44
-69 28
-57 7
-45 -14
-35 -31
-26 -44
-17 -57
-4 -68
12 -80
26 -88
41 -97
56 -100
66 -98
75 -95
86 -86
97 -63
100 -39
96 -14
91 12
86 39
84 66
77 85
62 91
46 94
29 96
11 97
-5 97
-21 98
-36 96
-49 89
-62 77
-73 62
-81 44
-88 20
-91 -1
-92 -23
-91 -45
-88 -66
-85 -85
-82 -90
-79 -94
-75 -98
-65 -94
-55 -83
-45 -72
-35 -60
-25 -44
-15 -23
-2 -1
15 17
35 32
50 45
60 51
69 57
72 65
72 70
68 75
60 78
51 75
41 68
32 64
23 60
14 55
4 45
-7 37
-17 30
-22 17
-29 4
-34 -5
-40 -16
-43 -22
-49 -28
-57 -34
-65 -39
-71 -47
-76 -50
-74 -53
-72 -56
-70 -51
-64 -46
-49 -40
-35 -29
-22 -16
-15 -2
-8 15
1 32
8 47
15 60
23 73
31 85
39 92
47 94
57 95
65 95
72 95
73 95
69 96
65 98
61 99
56 100
51 99
43 98
35 97
27 96
18 95
10 89
2 80
-6 67
-15 55
-24 44
-28 29
-29 11
-30 -11
-30 -35
-26 -58
-23 -79
-21 -88
-19 -96
-17 -97
-16 -88
-14 -78
-9 -68
-5 -59
-4 -49
-3 -38
0 -31
9 -24
17 -12
19 4
20 22
20 37
17 50
14 61
11 70
6 77
-2 83
-9 87
-16 75
-22 62
-25 36
-25 10
-27 -15
-29 -45
-31 -72
-33 -81
-35 -87
-36 -89
-34 -83
-32 -77
-27 -71
-21 -65
-16 -62
-11 -58
-6 -60
2 -60
12 -56
21 -49
28 -41
35 -33
37 -24
40 -14
42 1
45 12
45 26
42 41
38 58
36 73
32 83
27 93
19 99
13 100
7 97
1 89
-4 78
-10 65
-16 51
-28 37
-39 27
-49 18
-59 8
-67 0
-71 -8
-70 -16
-65 -25
-60 -37
-54 -50
-46 -64
-38 -74
-25 -84
-13 -90
-1 -93
12 -96
23 -97
34 -98
45 -88
56 -77
66 -68
75 -59
84 -52
90 -44
95 -34
94 -24
94 -14
93 -4
91 18
82 39
62 60
44 72
22 77
0 81
-23 81
-46 76
-68 63
-83 49
-96 34
-98 18
-100 1
-100 -15
-97 -29
-95 -43
-91 -54
-85 -64
-79 -74
-73 -80
-67 -81
-61 -80
-54 -79
-47 -80
-38 -81
-29 -71
-22 -60
-15 -50
-8 -36
4 -21
16 -3
30 15
40 32
51 48
60 63
64 69
68 74
71 78
73 82
74 81
74 79
73 71
72 62
71 53
69 36
67 19
63 -1
59 -24
54 -53
48 -81
42 -91
31 -95
20 -98
10 -100
-1 -99
-12 -96
-25 -93
-38 -88
-51 -80
-57 -72
-63 -66
-69 -60
-69 -51
-70 -38
-70 -25
-67 -12
-62 1
-58 15
-55 30
-51 42
-45 55
-40 68
-37 77
-32 85
-28 91
-22 94
-16 94
-5 94
6 96
17 99
24 100
31 100
38 89
45 72
51 56
50 36
42 15
36 -7
27 -27
16 -42
6 -57
-3 -75
-11 -93
-18 -98
-24 -89
-29 -76
-32 -57
-35 -36
-42 -13
-53 15
-63 43
-70 63
-73 73
-74 79
-74 84
-72 88
-68 92
-64 95
-59 95
-54 95
-49 95
-44 92
-36 87
-25 76
-16 66
-7 52
-2 34
0 16
1 -3
3 -21
7 -34
14 -47
22 -60
30 -71
34 -78
35 -84
36 -90
36 -94
35 -86
32 -74
29 -61
25 -42
22 -23
21 -3
19 17
18 36
14 49
10 63
4 74
0 85
-4 89
-8 92
-12 93
-16 93
-18 92
-19 91
-21 91
-23 88
-25 85
-27 80
-29 77
-31 73
-32 57
-32 37
-36 16
-42 -5
-47 -26
-51 -43
-55 -60
-58 -77
-63 -86
-67 -88
-69 -89
-70 -88
-70 -85
-66 -81
-62 -76
-61 -70
-57 -64
-52 -55
-46 -45
-41 -33
-31 -22
-20 -5
-8 12
2 28
14 42
28 52
43 58
58 64
73 68
79 70
85 72
90 73
95 74
97 71
96 68
92 64
88 59
84 52
73 44
62 35
51 22
36 9
26 -4
15 -19
1 -35
-13 -51
-27 -66
-40 -63
-52 -59
-57 -51
-58 -41
-59 -32
-46 -23
-32 -14
-15 -6
2 1
19 13
39 27
59 42
71 57
81 66
84 72
79 75
73 74
66 70
59 66
51 60
43 51
30 27
16 0
2 -26
-12 -45
-25 -64
-39 -83
-49 -95
-57 -98
-62 -97
-67 -91
-71 -85
-74 -78
-77 -62
-78 -44
-78 -20
-78 12
-69 44
-59 65
-42 72
-22 79
3 83
26 86
43 89
60 92
77 93
82 93
84 89
85 85
76 79
53 72
26 65
-1 58
-28 53
-54 44
-72 34
-83 25
-90 17
-92 8
-92 -1
-93 -8
-83 -15
-71 -24
-53 -31
-26 -38
1 -45
28 -35
54 -24
69 -13
84 -2
99 9
92 20
85 33
78 44
67 55
56 58
45 58
35 56
24 50
13 32
2 10
-12 -14
-25 -38
-38 -59
-49 -76
-60 -87
-69 -93
-77 -96
-85 -98
-92 -99
-95 -94
-98 -89
-100 -84
-97 -77
-89 -66
-81 -50
-71 -31
-60 -12
-51 8
-43 29
-35 51
-28 69
-20 79
-12 89
-3 93
7 95
17 96
27 97
36 97
45 88
51 73
57 57
56 42
55 26
52 10
49 -5
45 -21
44 -34
43 -46
39 -56
34 -64
30 -68
25 -72
17 -76
10 -80
1 -83
-7 -84
-13 -85
-19 -86
-26 -86
-32 -86
-35 -85
-37 -82
-39 -77
-39 -66
-34 -53
-29 -40
-24 -23
-19 2
-18 28
-15 51
-12 62
-7 70
0 75
6 80
13 86
19 92
25 97
34 97
43 94
51 91
58 87
63 81
63 75
55 67
45 59
36 45
25 28
14 11
4 -2
-4 -13
-14 -23
-23 -34
-35 -48
-47 -62
-58 -71
-69 -75
-75 -79
-83 -82
-89 -82
-91 -82
-93 -79
-94 -70
-95 -61
-95 -48
-94 -35
-85 -20
-65 -5
-37 7
-9 17
17 23
41 20
56 17
71 16
84 15
93 14
99 5
99 -4
99 -8
100 -11
99 -12
90 -12
80 -9
62 -6
43 -3
23 6
3 16
-15 27
-29 40
-39 50
-44 60
-44 66
-45 75
-46 81
-47 86
-49 86
-50 83
-50 68
-49 46
-48 22
-38 2
-24 -14
-6 -27
12 -39
25 -48
37 -59
50 -70
63 -80
76 -81
83 -75
90 -67
92 -55
93 -38
94 -19
92 -3
89 13
85 29
81 42
68 53
52 62
33 67
13 71
-8 79
-29 85
-50 87
-69 86
-81 80
-89 74
-94 67
-95 59
-95 50
-95 42
-92 35
-88 28
-83 19
-78 10
-71 -3
-63 -16
-52 -29
-41 -40
-35 -51
-29 -64
-17 -78
-4 -87
10 -94
24 -97
38 -97
47 -97
55 -97
62 -92
69 -87
76 -78
80 -66
83 -53
86 -40
88 -27
88 -14
85 1
82 19
79 37
73 56
65 72
53 84
40 89
25 93
6 95
-13 94
-30 93
-45 90
-59 87
-66 84
-72 79
-78 72
-80 65
-82 58
-84 48
-87 38
-87 24
-87 12
-87 -3
-85 -14
-82 -25
-77 -36
-68 -47
-57 -57
-43 -61
-28 -57
-14 -51
0 -33
17 -13
30 7
41 26
51 45
61 63
69 70
76 76
82 83
88 89
88 95
86 96
84 94
77 86
67 76
57 65
46 45
31 22
17 -1
4 -26
-2 -48
-10 -63
-19 -78
-28 -71
-36 -64
-44 -50
-52 -33
-57 -17
-63 0
-66 17
-67 33
-62 45
-56 53
-51 58
-46 60
-40 62
-35 62
-29 62
-19 67
-10 71
2 73
13 75
25 74
31 73
35 71
37 69
34 67
35 69
37 71
39 73
40 76
41 75
42 72
45 64
48 57
50 50
52 35
54 21
55 9
57 -3
55 -7
53 -14
51 -21
47 -25
47 -33
45 -43
37 -53
31 -61
25 -70
19 -79
13 -83
8 -87
-2 -91
-12 -92
-22 -92
-34 -91
-46 -71
-56 -48
-66 -26
-72 -6
-67 14
-59 34
-50 45
-41 55
-30 67
-20 78
-10 82
0 84
11 83
23 81
35 73
45 55
55 36
65 16
76 -3
86 -28
95 -51
94 -66
93 -82
92 -94
84 -98
72 -99
58 -100
44 -99
30 -99
15 -98
0 -97
-15 -74
-23 -45
-31 -15
-42 12
-55 39
-70 64
-81 81
-87 92
-92 95
-97 97
-100 96
-100 95
-98 94
-96 92
-92 83
-85 66
-72 49
-58 33
-44 17
-30 2
-14 -10
-2 -22
12 -33
25 -44
38 -57
46 -69
54 -82
62 -89
70 -91
76 -90
79 -89
75 -85
69 -81
63 -77
52 -73
39 -69
26 -61
15 -53
5 -44
-1 -34
-7 -26
-13 -15
-19 -4
-30 8
-36 21
-40 32
-38 42
-32 51
-20 60
-9 68
2 70
15 71
29 70
44 69
59 70
70 64
80 58
86 48
93 37
98 26
99 11
98 -4
92 -19
84 -35
76 -49
68 -62
58 -71
50 -79
43 -87
36 -92
29 -95
18 -99
7 -98
-5 -95
-17 -92
-30 -87
-43 -78
-51 -68
-59 -56
-66 -43
-73 -30
-78 -13
-80 4
-83 23
-78 42
-74 61
-70 81
-66 85
-62 89
-56 93
-50 95
-43 97
-37 99
-27 98
-16 95
-6 91
2 81
8 60
15 36
25 7
38 -23
45 -51
51 -67
58 -82
64 -91
69 -98
74 -100
74 -99
63 -98
52 -95
39 -92
27 -82
15 -70
1 -54
-10 -40
-22 -24
-33 -8
-42 9
-50 26
-58 43
-68 56
-78 68
-88 76
-98 84
-99 81
-99 78
-99 73
-96 68
-91 61
-84 56
-75 49
-66 38
-55 13
-47 -12
-38 -38
-25 -53
-11 -66
3 -77
14 -82
25 -85
26 -76
27 -64
25 -49
23 -32
16 -14
8 2
2 19
-7 36
-17 52
-28 61
-37 69
-46 77
-55 81
-64 85
-71 87
-78 89
-82 87
-86 84
-90 81
-94 77
-98 73
-99 66
-99 58
-99 45
-99 30
-96 12
-94 -6
-93 -27
-90 -48
-80 -68
-65 -78
-48 -88
-31 -91
-6 -82
22 -74
49 -67
70 -58
80 -49
87 -38
93 -25
96 -8
97 9
99 23
100 33
92 43
84 53
73 64
61 74
49 80
36 86
20 88
3 86
-15 82
-33 76
-45 70
-56 68
-64 65
-66 61
-67 55
-65 46
-64 36
-64 31
-58 32
-52 33
-44 36
-39 39
-30 36
-20 33
-13 23
-9 13
-8 5
-8 -6
-8 -19
-6 -39
-2 -59
2 -72
5 -86
11 -93
17 -94
21 -96
25 -97
28 -94
31 -91
35 -78
41 -65
48 -53
54 -40
56 -25
59 -10
62 5
65 25
66 44
64 58
61 70
54 82
47 92
40 93
33 94
23 95
13 93
3 89
-9 83
-22 75
-32 63
-42 49
-51 34
-64 19
-77 -2
-87 -22
-92 -42
-94 -57
-89 -70
-74 -77
-57 -83
-36 -90
-16 -93
7 -96
31 -96
56 -95
68 -90
80 -73
87 -52
86 -31
86 -10
86 10
85 26
85 38
86 50
83 62
78 74
67 86
56 93
32 97
9 100
-13 95
-31 89
-44 84
-57 80
-70 67
-79 52
-88 36
-97 20
-97 4
-94 -12
-90 -28
-84 -43
-77 -56
-59 -64
-42 -68
-23 -73
-2 -79
20 -81
41 -72
64 -61
82 -48
95 -36
96 -24
92 -13
79 1
67 16
48 33
27 46
5 59
-17 66
-39 69
-49 72
-59 76
-66 80
-72 85
-72 90
-72 95
-72 96
-69 95
-62 92
-54 80
-45 65
-35 50
-22 35
-11 22
-2 9
10 -1
25 -12
39 -24
50 -37
60 -48
68 -57
74 -68
80 -78
85 -86
89 -94
92 -97
93 -100
92 -78
90 -55
87 -30
84 -3
78 21
67 43
55 59
40 75
26 90
13 96
3 99
-7 99
-18 99
-31 100
-44 100
-57 99
-67 93
-75 87
-83 78
-90 61
-96 40
-93 21
-90 2
-87 -17
-80 -36
-71 -55
-63 -69
-54 -83
-45 -95
-33 -98
-18 -90
1 -80
23 -61
42 -42
56 -13
64 16
72 40
80 62
87 78
89 87
89 94
88 100
86 97
84 93
82 75
77 54
72 29
69 5
66 -17
55 -41
44 -56
33 -59
21 -60
8 -57
-1 -52
-10 -50
-25 -48
-41 -46
-54 -44
-67 -43
-74 -38
-82 -33
-90 -27
-89 -21
-81 -15
-72 -7
-64 4
-53 17
-42 30
-30 41
-18 52
-7 65
5 78
17 89
29 93
41 94
52 94
63 83
67 70
71 54
75 37
79 18
77 -5
73 -28
70 -47
63 -66
51 -77
38 -87
24 -95
6 -98
-10 -98
-23 -95
-36 -88
-46 -77
-55 -64
-65 -50
-73 -35
-76 -19
-79 -4
-82 12
-85 27
-87 41
-88 54
-90 66
-89 78
-83 86
-73 91
-63 94
-52 91
-41 85
-30 79
-19 74
-6 69
12 65
32 59
52 51
62 42
72 31
80 19
87 7
92 -5
98 -16
95 -27
92 -35
89 -39
86 -41
78 -42
63 -43
40 -44
17 -50
-6 -53
-31 -55
-51 -57
-68 -60
-82 -63
-96 -66
-96 -68
-88 -68
-73 -64
-59 -60
-45 -55
-34 -51
-17 -46
4 -41
24 -35
36 -29
49 -24
62 -18
68 -7
73 6
77 20
77 32
75 46
73 59
71 71
61 82
42 90
23 94
4 96
-15 99
-33 100
-50 100
-67 99
-79 95
-80 88
-76 77
-72 66
-67 53
-62 39
-55 24
-47 7
-35 -12
-24 -29
-16 -49
-8 -65
1 -81
9 -96
16 -100
23 -100
29 -97
32 -93
31 -89
27 -81
19 -70
10 -59
-1 -45
-10 -27
-22 -8
-30 10
-38 27
-47 42
-55 53
-63 65
-71 74
-79 83
-87 87
-91 88
-95 89
-96 87
-96 82
-90 69
-69 56
-48 43
-30 28
-11 18
9 8
24 -1
43 -13
61 -27
67 -42
72 -55
77 -64
82 -71
86 -78
89 -85
90 -90
90 -91
74 -91
53 -89
28 -87
-3 -84
-36 -84
-68 -83
-95 -80
-99 -77
-100 -71
-98 -65
-96 -58
-94 -51
-78 -45
-57 -39
-34 -31
-12 -25
8 -20
29 -19
50 -17
56 -15
55 -13
54 -8
50 -4
46 6
41 16
36 24
30 30
19 34
7 36
-4 33
-14 26
-23 19
-31 11
-38 3
-43 -9
-48 -21
-49 -32
-47 -44
-45 -54
-42 -56
-41 -57
-42 -60
-44 -63
-45 -66
-44 -69
-41 -72
-34 -75
-26 -77
-19 -79
-13 -81
-8 -83
-4 -84
1 -85
5 -85
9 -83
14 -81
18 -79
20 -77
22 -71
23 -66
21 -56
20 -46
18 -36
13 -26
7 -13
1 4
-5 20
-13 36
-22 50
-30 65
-37 78
-43 84
-47 90
-51 95
-53 97
-52 99
-48 99
-44 95
-36 77
-28 51
-20 14
-11 -24
-1 -48
7 -67
14 -72
20 -70
24 -69
27 -67
30 -62
31 -57
30 -51
28 -48
26 -45
25 -38
26 -30
26 -21
28 -10
29 -1
30 3
31 -4
31 -14
29 -24
25 -39
17 -55
9 -69
1 -82
-8 -89
-17 -95
-32 -97
-46 -99
-60 -99
-70 -99
-80 -96
-90 -87
-95 -74
-95 -58
-93 -41
-89 -19
-79 4
-63 25
-46 45
-29 56
-13 66
4 70
23 72
41 74
59 75
74 64
86 52
93 36
97 20
98 6
93 -9
89 -24
78 -38
63 -52
47 -65
32 -79
17 -92
1 -96
-15 -96
-31 -96
-46 -96
-56 -91
-66 -84
-70 -77
-71 -70
-72 -60
-67 -47
-62 -31
-58 -5
-49 19
-38 43
-28 55
-18 64
-7 72
4 71
12 70
19 69
26 66
34 58
42 49
47 34
50 18
53 3
56 -14
58 -30
60 -44
55 -58
50 -67
44 -75
38 -83
32 -91
24 -96
16 -96
8 -89
-4 -79
-17 -68
-31 -56
-47 -42
-62 -28
-75 -12
-81 8
-87 29
-92 49
-96 65
-100 74
-100 83
-100 91
-99 98
-96 97
-92 94
-87 88
-81 79
-73 69
-66 54
-56 38
-37 22
-18 7
3 -8
22 -22
34 -37
47 -50
60 -63
71 -71
82 -78
87 -85
92 -90
96 -92
96 -90
95 -85
94 -74
93 -62
90 -43
85 -25
63 -9
40 3
21 16
2 25
-20 35
-42 43
-55 45
-64 47
-71 48
-75 46
-79 44
-83 40
-83 37
-80 32
-75 26
-71 20
-67 13
-63 1
-56 -11
-48 -19
-21 -27
6 -29
26 -33
45 -36
56 -40
69 -41
82 -40
91 -39
99 -36
100 -34
97 -32
89 -30
81 -29
72 -22
60 -15
48 -5
32 6
14 16
-4 25
-22 32
-40 33
-58 34
-70 36
-82 32
-89 27
-96 24
-95 21
-92 18
-89 12
-85 4
-79 -7
-72 -18
-65 -28
-60 -38
-52 -48
-35 -56
-21 -63
-7 -70
12 -77
31 -82
49 -87
62 -91
70 -94
76 -93
79 -87
82 -69
85 -49
88 -29
90 -10
91 5
92 17
93 31
81 40
68 49
55 57
41 65
28 73
13 78
-1 83
-15 89
-29 89
-40 76
-46 64
-51 46
-56 29
-60 12
-63 -7
-66 -27
-70 -47
-74 -67
-76 -79
-78 -90
-74 -95
-65 -96
-51 -97
-36 -95
-21 -86
-3 -78
17 -62
35 -44
52 -30
67 -14
82 2
89 19
96 34
97 47
98 60
99 72
91 80
84 84
76 88
68 87
59 85
45 83
31 78
17 70
2 60
-18 49
-35 35
-52 18
-63 -1
-74 -14
-78 -24
-80 -33
-83 -42
-77 -50
-62 -58
-47 -67
-32 -71
-17 -73
-3 -79
10 -84
24 -90
35 -97
47 -95
58 -94
69 -92
78 -90
81 -87
80 -76
76 -65
67 -54
57 -42
45 -28
32 -12
17 4
4 19
-7 35
-15 49
-23 60
-30 70
-35 77
-39 83
-42 89
-41 89
-39 89
-39 87
-39 85
-39 79
-38 70
-37 57
-40 41
-40 24
-36 7
-29 -9
-21 -25
-16 -39
-8 -52
1 -65
10 -77
18 -86
26 -93
33 -98
40 -99
46 -100
52 -100
58 -98
65 -95
71 -92
67 -85
63 -76
59 -63
54 -49
49 -33
43 -21
37 -10
35 -5
35 -1
38 3
39 9
39 15
39 22
38 32
36 28
34 23
30 24
25 25
17 28
8 31
-4 31
-14 31
-33 29
-53 16
-73 4
-84 -5
-90 -14
-94 -22
-91 -30
-81 -38
-53 -45
-23 -52
15 -59
50 -57
75 -54
94 -51
95 -50
94 -50
91 -51
87 -53
83 -55
79 -59
70 -62
60 -58
50 -54
37 -50
21 -34
3 -13
-19 6
-42 24
-61 42
-79 57
-97 72
-92 86
-87 94
-81 97
-67 100
-42 100
-17 96
8 94
31 92
54 91
69 90
81 87
88 83
93 72
97 59
98 43
99 28
100 13
100 -2
100 -17
99 -30
96 -42
92 -54
81 -66
67 -76
47 -77
25 -73
4 -70
-17 -65
-37 -59
-55 -54
-72 -51
-88 -46
-94 -39
-90 -29
-85 -17
-77 -5
-68 7
-56 20
-46 32
-32 44
-17 53
-2 66
12 78
24 90
35 94
44 95
52 95
59 95
66 94
70 93
74 92
78 82
82 72
86 61
90 39
94 12
97 -15
98 -37
95 -59
90 -81
82 -90
74 -96
65 -100
47 -100
29 -94
12 -79
-8 -64
-32 -43
-56 -22
-78 -2
-86 19
-94 35
-100 50
-98 63
-95 70
-87 76
-79 79
-70 69
-61 53
-48 28
-35 3
-9 -26
20 -47
47 -67
69 -80
90 -87
100 -90
95 -93
88 -96
79 -98
69 -97
57 -95
45 -91
32 -87
20 -82
8 -78
-4 -73
-13 -53
-26 -32
-39 -14
-53 3
-65 21
-69 38
-71 55
-73 63
-75 70
-77 77
-72 82
-67 87
-61 91
-52 92
-43 90
-29 88
-9 85
18 84
41 82
63 78
79 74
93 51
95 28
97 1
99 -26
89 -49
75 -69
61 -88
47 -98
29 -100
10 -97
-8 -93
-23 -90
-37 -87
-47 -81
-53 -75
-54 -66
-58 -56
-59 -46
-61 -35
-63 -25
-63 -15
-63 -4
-60 8
-57 21
-54 31
-50 41
-46 49
-42 50
-37 51
-31 51
-24 37
-17 25
-6 13
3 -3
13 -20
18 -34
24 -47
31 -60
38 -72
46 -79
53 -84
56 -87
59 -88
61 -87
63 -83
65 -74
63 -54
60 -30
56 -7
51 15
45 36
39 48
33 55
27 63
20 61
8 57
-5 53
-13 48
-26 45
-40 42
-50 36
-53 27
-54 15
-55 -2
-62 -18
-69 -32
-77 -45
-82 -56
-87 -66
-92 -72
-96 -77
-95 -79
-91 -74
-85 -66
-70 -49
-53 -32
-36 -7
-17 17
6 29
27 40
49 54
67 65
85 68
92 70
97 68
96 66
91 64
84 65
75 69
64 73
51 76
37 72
23 67
3 61
-22 55
-37 49
-51 40
-65 32
-79 22
-94 11
-95 -1
-96 -15
-97 -35
-98 -55
-92 -73
-87 -91
-82 -96
-73 -98
-62 -99
-51 -100
-41 -98
-31 -89
-21 -76
-9 -54
5 -30
23 -5
39 12
57 25
72 35
86 45
94 56
100 68
98 80
94 88
88 88
78 88
60 87
42 84
25 78
7 65
-7 51
-21 37
-37 25
-53 12
-70 -3
-84 -15
-98 -27
-99 -40
-100 -51
-100 -62
-100 -72
-96 -81
-91 -84
-86 -86
-81 -87
-67 -86
-53 -84
-35 -82
-17 -72
2 -58
16 -45
32 -34
50 -28
65 -24
77 -19
85 -1
93 17
98 35
99 52
100 70
99 82
97 84
88 85
73 84
58 81
38 69
17 54
-9 38
-27 21
-34 4
-38 -16
-43 -34
-44 -53
-43 -71
-47 -87
-50 -100
-51 -99
-47 -96
-43 -92
-38 -86
-33 -79
-27 -73
-20 -61
-10 -47
0 -30
12 -16
22 -4
30 12
38 26
50 41
58 56
66 67
71 74
75 81
80 86
85 81
89 76
91 71
90 64
89 60
86 56
81 48
71 40
51 31
25 23
-5 16
-32 8
-52 1
-68 -7
-84 -14
-93 -21
-96 -26
-90 -30
-79 -35
-67 -40
-49 -42
-26 -43
2 -44
22 -41
37 -37
55 -33
72 -26
86 -21
96 -16
95 -11
89 -6
82 6
78 20
70 30
60 39
52 47
43 55
25 63
-1 70
-27 82
-50 89
-71 94
-82 98
-86 99
-90 100
-92 100
-94 100
-93 100
-92 99
-86 95
-80 91
-73 86
-62 78
-48 62
-34 45
-20 30
-6 15
8 0
25 -15
40 -27
49 -39
58 -48
67 -56
76 -64
84 -71
88 -77
91 -82
93 -85
92 -85
90 -85
88 -84
85 -81
79 -75
73 -68
63 -59
52 -47
41 -35
32 -27
23 -19
13 -11
-4 -3
-20 5
-35 11
-37 15
-35 19
-34 23
-37 27
-39 31
-39 34
-40 39
-40 45
-40 51
-33 57
-28 63
-23 67
-19 70
-15 72
-11 70
-7 64
-3 49
1 34
5 19
13 4
24 -9
35 -22
42 -35
47 -53
49 -68
49 -83
50 -95
50 -97
45 -90
38 -79
31 -66
22 -46
14 -20
2 6
-8 25
-21 45
-36 62
-48 68
-60 68
-71 68
-81 69
-72 70
-61 71
-44 70
-25 62
-8 56
12 54
29 52
49 51
65 50
81 49
94 47
97 46
100 45
100 43
99 41
96 39
90 38
84 38
78 38
69 39
60 36
48 30
36 21
21 11
4 0
-12 -6
-28 -15
-38 -24
-48 -33
-57 -40
-65 -47
-71 -50
-76 -53
-78 -56
-76 -59
-74 -59
-66 -58
-56 -55
-45 -43
-33 -31
-23 -23
-13 -17
-3 -11
12 -5
25 3
35 11
43 18
49 25
57 34
64 44
65 54
68 62
72 71
76 77
81 82
84 85
86 88
85 92
84 96
83 96
81 95
77 94
73 86
69 74
66 58
64 41
56 26
46 8
40 -8
34 -24
28 -38
22 -49
13 -59
3 -70
-7 -79
-19 -89
-32 -93
-44 -95
-56 -97
-67 -98
-77 -87
-80 -75
-78 -58
-76 -40
-66 -23
-53 -8
-41 10
-25 29
3 48
38 64
69 71
81 72
92 73
95 70
97 65
96 60
95 58
93 55
86 53
74 52
62 50
49 49
36 48
22 48
10 50
-2 44
-14 43
-26 39
-38 31
-44 22
-44 8
-44 -8
-44 -22
-44 -34
-44 -46
-47 -57
-48 -67
-53 -77
-59 -87
-64 -92
-69 -95
-73 -97
-77 -99
-80 -99
-82 -87
-82 -69
-82 -44
-81 -20
-81 6
-79 29
-78 45
-77 57
-76 59
-75 62
-67 63
-57 63
-47 63
-39 59
-31 60
-22 59
-10 53
-1 46
6 38
12 28
22 16
33 4
44 -6
52 -18
61 -30
68 -42
75 -55
74 -67
71 -76
61 -84
51 -92
36 -95
17 -97
-2 -93
-20 -90
-37 -83
-54 -77
-67 -68
-71 -58
-74 -45
-74 -31
-71 -21
-68 -14
-64 -6
-55 2
-45 9
-32 16
-17 22
-1 25
15 23
27 28
37 33
49 38
61 41
71 44
82 42
92 40
96 37
100 35
89 32
78 26
63 15
49 4
29 -7
-4 -19
-31 -31
-55 -43
-76 -49
-95 -54
-99 -55
-100 -56
-99 -58
-86 -60
-70 -62
-53 -57
-36 -46
-19 -34
-5 -23
5 -13
14 -2
24 8
34 18
41 28
48 39
54 50
58 62
58 74
57 85
54 90
48 94
42 94
36 94
31 89
26 80
21 63
17 48
13 27
3 4
-6 -15
-10 -30
-16 -45
-24 -61
-32 -78
-40 -90
-46 -91
-47 -90
-45 -88
-38 -85
-31 -82
-21 -78
-12 -73
-2 -68
8 -68
17 -68
26 -70
35 -72
47 -58
54 -39
56 -20
59 -1
65 19
68 37
65 52
61 62
58 71
46 79
34 85
24 84
13 83
1 83
-12 80
-25 72
-33 54
-41 34
-44 10
-47 -14
-48 -40
-45 -63
-41 -73
-38 -82
-35 -89
-33 -97
-30 -98
-24 -99
-18 -100
-11 -94
-2 -84
6 -72
17 -59
27 -36
37 -14
51 10
67 34
76 58
80 80
84 90
88 99
92 100
94 99
96 98
96 97
95 89
89 81
69 69
49 57
23 44
-4 34
-32 21
-57 4
-69 -11
-78 -26
-87 -41
-91 -56
-95 -70
-99 -82
-99 -93
-99 -96
-97 -99
-95 -98
-93 -96
-86 -93
-78 -85
-68 -73
-52 -60
-30 -43
-10 -20
10 8
31 37
53 56
69 65
78 77
87 87
95 92
91 96
85 99
79 98
73 96
67 87
61 76
40 57
19 36
0 2
-28 -30
-44 -55
-59 -73
-67 -85
-76 -93
-83 -97
-90 -98
-96 -95
-97 -91
-87 -83
-71 -75
-43 -67
-14 -54
18 -47
49 -46
80 -45
87 -42
90 -39
87 -36
82 -25
77 -12
72 -1
67 7
62 16
57 33
52 49
42 64
31 74
21 81
10 81
-1 79
-12 74
-23 66
-40 52
-56 37
-65 23
-73 12
-80 2
-84 -8
-85 -18
-86 -28
-88 -37
-89 -47
-86 -55
-78 -62
-69 -69
-60 -76
-48 -85
-35 -94
-18 -94
3 -94
26 -91
41 -86
47 -76
52 -66
59 -55
66 -37
66 -18
61 2
56 22
45 41
34 60
18 70
1 74
-14 80
-28 86
-40 92
-52 97
-64 98
-77 98
-90 94
-94 85
-95 73
-94 58
-92 36
-81 14
-69 -16
-56 -46
-38 -63
-20 -76
0 -85
22 -91
43 -95
57 -98
71 -99
75 -94
78 -83
81 -70
81 -56
79 -33
77 -4
76 25
73 54
69 64
66 68
63 72
54 74
42 76
31 77
19 79
0 80
-19 80
-34 82
-50 80
-66 72
-82 53
-91 31
-98 6
-94 -14
-82 -36
-70 -56
-59 -76
-44 -85
-27 -94
-11 -98
5 -97
23 -95
41 -93
59 -82
76 -70
87 -57
93 -44
89 -29
83 -15
72 0
56 15
38 27
18 35
-2 46
-21 58
-33 70
-41 78
-46 84
-50 90
-54 94
-56 96
-53 96
-50 96
-44 96
-38 94
-33 91
-24 84
-13 76
-3 69
8 52
18 26
28 0
39 -20
49 -37
57 -50
61 -55
65 -61
68 -67
72 -72
75 -77
71 -78
56 -79
35 -77
14 -70
-4 -64
-15 -58
-27 -52
-40 -46
-55 -31
-70 -18
-77 -3
-85 14
-89 31
-93 45
-94 59
-91 72
-83 82
-72 91
-60 97
-46 97
-33 96
-14 91
7 79
27 67
47 49
57 26
66 -1
76 -26
77 -47
77 -68
76 -84
71 -96
66 -95
59 -94
51 -88
43 -80
24 -68
8 -53
-8 -41
-27 -27
-47 -11
-67 4
-82 17
-95 30
-100 43
-97 56
-94 69
-90 76
-86 80
-81 84
-76 79
-69 74
-63 69
-47 64
-31 56
-14 48
4 42
22 36
39 30
55 25
69 24
83 18
87 10
91 2
93 -7
94 -15
95 -23
95 -33
93 -40
88 -48
83 -56
78 -63
72 -61
64 -59
56 -54
48 -44
40 -34
32 -23
22 -12
14 -1
9 9
3 18
0 27
-3 33
-4 26
-3 18
0 10
2 -1
9 -12
17 -21
23 -30
28 -39
33 -50
38 -59
35 -69
32 -78
28 -86
23 -91
17 -96
13 -98
9 -97
4 -90
-1 -83
-6 -68
-10 -54
-11 -40
-12 -26
-11 -14
-11 1
-12 16
-13 26
-16 33
-24 40
-33 46
-36 50
-38 54
-40 57
-42 56
-44 54
-47 50
-55 46
-63 41
-69 34
-75 28
-80 21
-85 11
-90 1
-93 -10
-92 -24
-87 -38
-82 -52
-72 -66
-62 -74
-45 -82
-28 -74
-8 -62
13 -53
30 -44
48 -39
65 -34
67 -26
70 -13
73 -2
74 9
51 21
29 33
7 40
-9 47
-25 57
-45 66
-65 76
-81 83
-73 87
-65 91
-56 88
-43 79
-24 67
-5 48
14 30
31 12
50 -6
69 -26
80 -44
89 -62
97 -77
98 -81
99 -85
100 -89
100 -93
98 -92
92 -88
86 -84
80 -72
72 -59
64 -43
57 -25
45 -7
31 9
18 20
5 32
-8 39
-22 46
-37 45
-51 45
-64 44
-71 40
-77 36
-80 33
-82 30
-83 27
-84 25
-81 26
-81 27
-81 23
-79 18
-70 12
-60 7
-44 1
-28 -6
-10 -12
9 -19
28 -26
47 -32
66 -36
75 -39
81 -42
87 -45
92 -48
97 -51
98 -55
97 -62
91 -64
75 -66
57 -66
37 -61
12 -55
-13 -46
-38 -35
-62 -23
-77 -4
-86 14
-93 30
-97 46
-99 53
-98 59
-88 62
-78 65
-62 66
-41 60
-19 51
0 42
19 37
37 31
54 15
70 -3
82 -21
86 -39
87 -51
85 -61
78 -68
69 -71
59 -72
45 -68
28 -64
9 -60
-6 -56
-19 -51
-31 -45
-43 -42
-53 -38
-64 -33
-73 -23
-81 -12
-89 0
-94 12
-93 22
-92 30
-91 38
-89 47
-84 54
-79 58
-72 59
-62 59
-49 57
-34 55
-15 53
4 55
17 55
29 55
38 55
44 56
50 54
54 53
55 52
56 52
55 50
53 45
40 38
25 30
9 22
-7 15
-14 6
-18 -2
-23 -13
-27 -21
-29 -29
-30 -39
-26 -48
-20 -54
-10 -60
3 -65
16 -69
29 -73
41 -71
54 -69
60 -66
55 -63
49 -58
43 -54
37 -47
32 -41
28 -37
22 -34
21 -31
20 -26
16 -21
11 -13
6 -5
4 3
1 12
2 21
0 29
1 36
3 41
5 35
5 29
10 18
16 8
22 -5
28 -20
36 -37
43 -51
52 -58
62 -63
69 -68
75 -62
80 -56
67 -44
52 -31
35 -16
23 4
16 25
7 48
1 71
-5 93
-10 98
-15 96
-19 94
-23 91
-21 83
-15 75
-8 64
-1 53
4 38
6 18
12 0
14 -18
18 -35
21 -53
24 -70
30 -85
34 -100
37 -98
40 -96
43 -81
39 -62
35 -42
34 -23
32 -7
35 9
36 25
39 38
34 51
26 56
19 59
15 56
10 56
7 45
2 35
-4 21
-16 7
-28 -7
-30 -23
-30 -40
-23 -56
-17 -69
-11 -73
-7 -77
-4 -81
-2 -86
0 -83
2 -76
0 -67
-2 -60
-8 -54
-18 -48
-27 -39
-26 -28
-25 -16
-22 -3
-22 10
-24 22
-27 33
-30 43
-33 52
-34 61
-36 66
-38 67
-39 67
-40 65
-42 61
-40 55
-38 48
-36 41
-34 32
-24 19
-14 4
-7 -12
3 -27
9 -43
18 -62
27 -75
39 -87
50 -91
60 -94
70 -97
80 -99
90 -99
94 -99
97 -96
99 -92
100 -85
100 -76
99 -68
98 -59
93 -51
88 -42
81 -31
73 -6
63 20
56 45
51 62
41 79
31 94
21 97
11 99
1 100
-8 99
-19 98
-30 95
-39 88
-45 78
-50 64
-53 48
-54 33
-54 19
-47 5
-36 -9
-24 -22
-12 -32
0 -38
10 -44
20 -50
30 -56
36 -60
43 -63
52 -60
60 -56
68 -46
76 -36
81 -26
85 -9
89 11
92 34
93 47
92 56
91 63
90 70
90 77
90 84
85 90
80 94
72 97
64 99
44 98
24 95
4 92
-16 88
-35 79
-54 69
-73 57
-92 44
-100 28
-99 12
-98 -1
-92 -15
-81 -29
-69 -43
-54 -54
-39 -67
-20 -75
2 -81
23 -87
42 -94
61 -98
76 -100
90 -100
94 -100
95 -96
94 -90
92 -79
88 -68
79 -56
53 -44
29 -26
10 -2
-10 20
-29 38
-47 56
-64 62
-80 64
-94 63
-98 60
-90 58
-79 56
-68 53
-54 51
-45 48
-27 34
-7 21
11 7
27 -6
41 -16
54 -23
64 -30
75 -37
77 -44
77 -51
74 -59
72 -65
69 -67
66 -65
63 -64
61 -64
56 -65
51 -57
43 -45
31 -31
20 -21
7 -15
-10 -11
-27 -2
-40 8
-48 18
-53 29
-60 40
-66 47
-72 54
-76 56
-78 56
-80 55
-82 51
-84 42
-84 33
-81 24
-78 15
-74 5
-70 -5
-66 -14
-59 -20
-49 -26
-38 -27
-27 -29
-15 -30
1 -31
16 -34
28 -36
33 -34
37 -31
41 -31
47 -28
53 -27
59 -27
66 -29
72 -30
85 -31
93 -32
94 -32
92 -33
87 -34
81 -34
74 -29
67 -24
57 -18
47 -12
36 -2
24 6
11 11
-3 17
-23 20
-43 23
-62 25
-79 17
-95 10
-98 3
-99 -4
-100 -9
-98 -14
-93 -14
-88 -14
-79 -12
-70 -10
-62 -9
-52 -7
-41 -7
-27 -7
-8 -7
11 -1
29 5
47 10
65 11
76 11
77 11
73 8
63 3
53 -2
44 -5
34 -6
23 -7
11 -11
0 -15
-7 -18
-12 -21
-16 -21
-14 -21
-12 -18
-10 -9
-7 2
-4 15
-1 28
4 40
9 44
11 47
13 46
15 45
16 43
17 42
17 31
16 20
15 2
14 -10
17 -22
19 -30
22 -35
26 -41
30 -47
35 -55
39 -57
42 -61
48 -66
54 -72
60 -75
65 -66
67 -55
68 -43
69 -31
68 -19
69 -7
68 4
65 15
60 26
53 38
46 47
39 56
35 63
31 72
29 81
28 88
26 94
26 99
27 100
30 97
35 93
38 87
42 80
44 68
47 57
43 46
38 35
29 23
19 10
9 -4
-3 -18
-11 -32
-19 -50
-28 -65
-37 -72
-48 -79
-56 -85
-64 -91
-72 -97
-75 -99
-74 -100
-71 -99
-68 -98
-66 -94
-64 -84
-54 -65
-43 -46
-34 -26
-22 -5
-4 17
16 40
35 62
56 74
62 86
66 92
66 97
66 99
64 100
61 98
54 93
44 88
34 77
24 62
6 48
-12 26
-30 6
-49 -16
-64 -34
-75 -54
-86 -72
-92 -90
-93 -91
-90 -90
-86 -88
-79 -85
-64 -82
-50 -79
-31 -74
-11 -68
7 -60
24 -51
35 -43
46 -33
55 -23
64 -13
68 -6
72 4
74 13
75 22
76 30
70 38
64 45
58 49
52 52
43 56
30 61
15 61
0 60
-13 55
-26 47
-38 41
-41 35
-45 28
-48 19
-53 8
-58 -2
-63 -12
-67 -18
-66 -25
-67 -33
-67 -41
-65 -41
-62 -41
-59 -41
-56 -42
-52 -40
-45 -39
-42 -38
-40 -36
-40 -32
-39 -26
-35 -21
-30 -14
-26 -7
-18 0
-10 4
2 8
18 15
33 21
49 28
61 33
73 40
81 45
82 49
83 52
83 55
82 52
80 49
76 37
74 24
71 10
66 -7
61 -21
56 -33
51 -36
47 -34
41 -32
37 -26
34 -18
24 -12
11 -6
-1 4
-18 14
-34 25
-44 34
-55 41
-64 48
-73 56
-83 65
-90 74
-91 83
-92 91
-92 97
-90 96
-88 95
-85 93
-82 91
-74 89
-65 84
-56 74
-41 63
-29 52
-18 43
1 33
15 20
29 8
39 -9
51 -26
56 -43
59 -59
63 -74
66 -87
67 -93
67 -99
64 -100
61 -97
57 -91
53 -73
50 -48
46 -21
43 7
41 38
39 66
37 82
37 88
38 93
37 98
36 96
35 95
34 91
34 86
32 82
32 74
32 66
34 56
39 43
44 30
45 16
44 2
44 -11
33 -24
22 -37
10 -49
-1 -55
-11 -60
-26 -65
-44 -71
-61 -77
-75 -81
-84 -84
-89 -81
-94 -77
-97 -72
-98 -67
-98 -60
-98 -52
-98 -44
-98 -36
-96 -27
-95 -18
-94 -5
-90 8
-86 20
-78 31
-63 39
-49 45
-33 53
-17 61
2 65
21 68
36 64
51 57
56 51
57 45
60 37
64 26
68 16
59 6
30 -6
0 -18
-26 -30
-46 -34
-67 -38
-79 -42
-91 -46
-96 -49
-95 -53
-88 -57
-72 -59
-52 -58
-31 -57
-11 -54
4 -47
19 -40
40 -33
61 -23
72 -13
82 -2
88 9
93 19
95 29
95 39
83 47
64 54
43 57
23 53
0 47
-28 41
-55 33
-71 25
-87 14
-96 2
-97 -11
-98 -21
-99 -29
-96 -38
-93 -45
-90 -51
-86 -56
-80 -61
-67 -64
-50 -65
-34 -66
-20 -68
-1 -70
18 -75
39 -79
60 -77
75 -68
83 -60
86 -52
79 -44
70 -34
55 -24
41 -13
28 -1
15 13
6 28
-4 43
-11 51
-17 59
-23 63
-26 67
-29 71
-32 75
-36 81
-41 87
-45 93
-49 93
-51 91
-54 89
-55 87
-56 82
-56 77
-58 70
-61 61
-66 53
-69 45
-74 36
-76 23
-77 11
-80 0
-82 -12
-84 -19
-87 -24
-81 -30
-74 -36
-61 -46
-37 -56
0 -64
37 -71
69 -76
87 -76
96 -77
99 -78
95 -76
91 -71
86 -66
77 -59
59 -50
44 -41
27 -33
10 -25
-6 -16
-24 -7
-42 0
-58 5
-67 10
-75 15
-84 19
-93 25
-96 31
-97 34
-98 38
-99 40
-90 43
-79 45
-67 39
-49 31
-32 23
-10 15
13 6
31 -2
47 -10
59 -15
70 -21
75 -29
80 -36
86 -42
88 -47
90 -52
90 -54
88 -55
85 -57
76 -59
57 -61
38 -62
19 -65
2 -59
-15 -54
-32 -50
-47 -43
-58 -33
-68 -23
-78 -8
-88 6
-93 20
-98 34
-97 48
-92 62
-82 76
-61 88
-40 98
-20 98
-1 98
14 98
33 98
50 98
65 92
75 80
85 61
94 38
100 16
100 -4
100 -24
100 -42
99 -53
96 -63
92 -73
87 -79
80 -84
69 -88
56 -86
38 -84
11 -81
-16 -78
-42 -75
-65 -72
-78 -69
-90 -65
-97 -61
-99 -56
-95 -51
-90 -46
-81 -42
-73 -38
-64 -30
-55 -22
-47 -16
-35 -4
-25 9
-14 23
-1 40
12 56
26 70
39 78
53 83
64 88
74 86
77 79
80 63
81 46
82 27
84 3
86 -20
83 -42
80 -64
76 -79
72 -88
60 -95
46 -96
32 -81
18 -66
0 -50
-18 -35
-35 -19
-52 -5
-64 6
-76 17
-78 29
-79 39
-81 45
-82 49
-82 50
-79 50
-73 47
-64 43
-38 39
-14 35
9 31
28 26
43 21
53 15
55 7
60 -2
66 -12
70 -22
70 -32
69 -37
68 -40
61 -42
56 -44
50 -46
44 -50
37 -54
28 -59
21 -52
14 -43
2 -34
-9 -25
-19 -15
-28 -5
-39 3
-45 15
-52 24
-57 33
-62 44
-67 47
-72 51
-77 47
-82 43
-83 36
-83 29
-82 22
-80 15
-80 8
-75 -1
-73 -9
-71 -16
-65 -23
-58 -31
-39 -37
-11 -41
17 -40
41 -36
57 -29
69 -21
80 7
87 35
90 51
92 65
93 79
90 88
86 90
79 88
72 85
58 82
42 77
26 72
10 67
-9 61
-27 52
-42 34
-56 19
-67 1
-64 -15
-61 -30
-58 -43
-55 -56
-50 -67
-40 -76
-23 -85
-6 -93
13 -94
30 -93
44 -92
55 -92
66 -93
77 -82
84 -66
91 -47
97 -26
100 2
97 29
86 44
74 58
54 71
34 79
17 86
1 90
-15 93
-31 72
-43 50
-54 29
-63 2
-67 -19
-70 -42
-75 -64
-80 -79
-85 -87
-86 -95
-86 -100
-85 -100
-83 -100
-81 -100
-76 -97
-66 -91
-50 -75
-34 -55
-22 -34
-7 -13
6 10
19 33
29 56
38 76
45 84
52 90
60 94
65 96
70 98
66 91
62 84
57 75
52 66
47 58
41 49
20 39
-4 28
-25 17
-46 6
-66 -9
-79 -24
-81 -37
-85 -45
-89 -53
-91 -60
-93 -66
-89 -72
-84 -78
-79 -84
-73 -88
-59 -92
-45 -94
-26 -94
-6 -91
15 -72
32 -52
46 -38
60 -25
74 -12
82 0
88 12
95 23
100 30
96 36
91 41
85 46
79 52
73 58
65 62
56 64
47 63
37 64
27 62
17 60
7 57
-3 51
-7 44
-11 32
-21 22
-32 13
-42 2
-52 -11
-63 -24
-73 -37
-80 -50
-83 -62
-86 -74
-89 -86
-89 -95
-89 -98
-87 -96
-85 -91
-82 -84
-76 -73
-65 -62
-49 -49
-34 -34
-15 -15
6 4
24 25
47 47
59 69
68 88
75 96
78 100
79 99
79 96
76 85
66 71
48 53
31 28
16 -8
-2 -45
-21 -71
-38 -89
-52 -97
-65 -97
-74 -97
-83 -95
-91 -93
-96 -89
-99 -75
-100 -55
-99 -33
-93 -7
-77 22
-62 50
-49 63
-30 75
-10 85
10 90
28 94
41 98
52 98
62 95
72 92
79 87
86 79
91 66
95 51
99 31
95 11
90 -18
85 -46
75 -74
61 -94
45 -98
26 -100
8 -96
-10 -92
-25 -87
-40 -77
-52 -64
-65 -51
-78 -39
-86 -27
-91 -14
-92 1
-93 18
-93 33
-88 48
-82 64
-75 77
-68 87
-58 93
-47 98
-37 100
-25 100
-10 97
3 93
16 88
30 78
44 66
56 55
67 44
73 30
78 15
77 1
76 -14
76 -27
76 -38
75 -45
66 -52
57 -52
48 -50
35 -47
26 -44
17 -42
7 -43
-4 -43
-14 -42
-25 -41
-32 -40
-34 -35
-34 -30
-33 -28
-32 -29
-32 -30
-30 -30
-27 -30
-26 -31
-22 -35
-15 -35
-8 -32
-1 -30
5 -26
12 -21
18 -14
20 -8
22 -1
25 -3
30 -4
33 -6
34 -7
35 -8
43 -11
50 -15
58 -21
66 -23
74 -26
80 -30
85 -34
89 -38
83 -41
76 -45
68 -50
58 -55
40 -59
20 -62
0 -59
-21 -56
-41 -47
-58 -38
-71 -28
-81 -11
-91 5
-94 22
-95 38
-96 53
-94 62
-85 70
-68 78
-42 85
-13 89
16 84
43 82
62 77
74 68
81 59
86 49
88 38
90 27
92 15
96 1
100 -14
99 -29
97 -40
88 -50
79 -60
64 -68
45 -76
22 -84
-1 -91
-23 -99
-45 -98
-63 -96
-75 -93
-87 -90
-92 -84
-94 -76
-93 -68
-89 -59
-82 -49
-71 -33
-61 -18
-43 -2
-28 13
-12 23
-1 34
10 42
21 48
35 50
43 52
51 54
59 54
66 48
60 43
49 36
38 29
27 22
18 19
4 16
-6 16
-16 16
-26 13
-40 10
-52 5
-65 -4
-77 -15
-89 -25
-95 -35
-100 -44
-100 -53
-99 -62
-98 -71
-92 -78
-86 -81
-78 -84
-70 -86
-59 -88
-49 -90
-40 -92
-31 -94
-22 -96
-14 -97
-6 -99
-3 -98
-1 -95
-3 -90
-5 -84
-6 -79
-6 -77
-5 -73
-6 -69
-7 -62
-6 -55
-5 -45
-6 -33
-5 -22
-3 -10
-2 5
-2 22
3 40
6 54
10 69
16 80
22 90
29 97
34 99
39 94
44 85
50 76
55 72
60 67
62 62
66 57
68 52
70 46
70 36
70 25
69 13
70 1
70 -11
63 -26
53 -43
43 -53
25 -62
6 -71
-12 -81
-25 -88
-37 -93
-49 -94
-57 -94
-62 -87
-65 -76
-67 -55
-65 -33
-60 -8
-57 12
-54 30
-47 48
-40 67
-25 79
-10 84
6 83
22 82
40 81
58 75
69 58
80 39
85 21
89 3
92 -15
93 -33
92 -50
89 -66
86 -79
82 -89
78 -95
72 -96
65 -94
56 -91
47 -84
39 -74
31 -62
23 -50
15 -40
11 -30
8 -17
4 -4
-3 7
-9 19
-14 29
-20 39
-27 46
-35 48
-43 46
-52 44
-61 41
-64 37
-66 35
-67 36
-68 39
-66 42
-58 47
-46 52
-33 60
-22 69
-12 78
-3 87
7 90
15 93
23 96
31 97
40 98
48 98
56 98
58 98
50 91
39 81
29 66
7 42
-15 16
-36 -11
-57 -44
-75 -69
-86 -82
-88 -89
-88 -90
-87 -88
-85 -84
-80 -78
-75 -71
-69 -59
-59 -47
-45 -34
-30 -18
-15 -1
1 17
16 35
30 49
44 59
57 71
70 81
78 90
85 98
92 99
99 100
100 99
100 98
100 96
99 94
97 90
94 80
89 70
81 57
64 43
46 24
29 4
24 -27
19 -58
14 -76
2 -88
-10 -94
-24 -98
-38 -99
-48 -99
-58 -97
-67 -93
-76 -89
-85 -68
-90 -47
-90 -21
-91 6
-90 32
-91 59
-90 73
-89 82
-85 87
-79 92
-69 93
-46 94
-23 95
-1 97
20 99
37 97
51 94
64 89
76 84
87 73
93 62
96 50
98 36
100 22
100 8
99 -5
98 -18
94 -29
90 -40
85 -47
80 -54
74 -60
68 -66
61 -69
53 -47
43 -18
27 5
8 26
-15 52
-40 73
-63 89
-81 94
-91 98
-99 100
-100 100
-100 98
-96 94
-81 88
-63 80
-33 73
3 66
39 61
67 54
88 46
100 34
97 22
93 9
88 -5
80 -18
73 -31
68 -41
63 -45
58 -47
54 -50
49 -50
31 -50
13 -49
-5 -46
-22 -42
-37 -36
-49 -29
-56 -21
-55 -14
-51 -6
-47 14
-46 34
-44 51
-43 63
-42 75
-39 82
-38 88
-38 93
-39 98
-40 97
-40 96
-38 96
-36 97
-35 100
-34 99
-33 99
-28 94
-21 89
-14 86
-6 83
4 77
14 71
25 60
36 51
45 38
54 23
54 6
50 -10
46 -24
44 -35
33 -48
22 -59
11 -73
0 -82
-12 -89
-23 -92
-34 -95
-44 -98
-53 -100
-63 -95
-74 -88
-84 -81
-91 -73
-98 -57
-100 -38
-99 -19
-94 2
-90 24
-86 46
-82 68
-71 90
-59 91
-40 91
-20 83
0 72
23 61
46 48
66 30
79 15
92 -1
93 -16
89 -31
81 -44
73 -56
61 -68
48 -72
33 -74
14 -73
-3 -72
-17 -71
-31 -70
-48 -68
-64 -64
-77 -59
-88 -54
-93 -49
-95 -41
-97 -22
-97 -2
-94 18
-84 38
-77 59
-70 76
-63 91
-54 96
-43 95
-32 88
-21 81
-7 67
12 53
29 27
48 2
63 -23
70 -46
73 -65
75 -82
74 -85
71 -87
61 -89
48 -89
34 -89
21 -89
7 -89
-10 -89
-26 -89
-42 -88
-58 -87
-73 -85
-85 -82
-94 -79
-94 -75
-92 -71
-88 -64
-78 -57
-68 -48
-55 -30
-38 -12
-17 5
-3 23
10 35
24 45
36 55
48 59
55 66
62 70
69 72
73 69
78 65
83 60
88 51
93 42
94 34
91 27
88 19
85 11
82 -4
79 -20
76 -37
61 -54
46 -67
33 -79
18 -90
2 -97
-14 -98
-30 -99
-46 -92
-60 -83
-71 -74
-75 -65
-79 -55
-81 -46
-83 -37
-85 -28
-87 -19
-88 -9
-85 1
-80 11
-67 21
-42 32
-20 40
1 46
20 50
37 55
54 59
67 58
79 55
82 51
82 47
81 43
80 36
73 29
65 23
55 17
40 10
23 2
7 -5
-9 -11
-27 -16
-38 -17
-46 -17
-54 -15
-62 -13
-65 -12
-68 -9
-70 -1
-74 9
-78 18
-80 27
-83 35
-87 43
-87 50
-78 54
-66 58
-51 61
-37 63
-22 66
-5 68
13 63
31 56
45 51
59 44
66 36
71 27
76 17
75 7
74 1
70 -6
66 -13
59 -19
48 -21
35 -19
21 -16
7 -12
-7 -8
-22 -4
-41 -2
-60 0
-81 5
-93 8
-97 11
-100 15
-83 18
-67 19
-51 21
-32 24
-12 22
14 17
41 11
63 6
71 1
67 -4
64 -10
54 -14
46 -14
36 -13
29 -11
21 -10
12 -10
2 -10
-13 -10
-36 -10
-57 -8
-72 -8
-84 -3
-93 -1
-99 1
-100 7
-100 14
-96 23
-90 35
-85 45
-81 50
-77 55
-70 59
-63 63
-47 66
-32 69
-17 71
-2 61
11 51
21 44
33 36
48 28
59 20
60 12
62 1
56 -9
47 -17
38 -26
28 -32
11 -35
-5 -37
-19 -38
-33 -34
-47 -31
-57 -29
-64 -29
-60 -29
-52 -25
-44 -25
-36 -26
-25 -27
-16 -25
-7 -27
2 -21
18 -15
34 -11
47 -7
58 -3
66 3
74 8
72 13
70 17
69 23
58 30
43 37
26 40
11 41
-2 42
-19 42
-31 42
-44 46
-57 50
-70 52
-82 55
-86 55
-90 55
-93 53
-94 48
-94 42
-95 39
-96 35
-84 32
-72 29
-56 26
-39 21
-21 16
-1 13
12 8
27 4
39 1
47 3
55 5
64 7
67 10
67 14
62 18
49 24
32 31
17 40
2 45
-13 47
-29 47
-43 47
-57 46
-68 45
-77 43
-85 40
-91 36
-95 34
-98 32
-100 31
-97 30
-92 32
-86 34
-82 34
-78 34
-75 29
-73 23
-68 14
-62 6
-56 -3
-50 -10
-44 -16
-36 -24
-28 -32
-17 -40
-6 -47
3 -54
13 -63
26 -71
40 -79
50 -80
60 -80
68 -78
76 -75
83 -71
85 -64
85 -55
83 -46
78 -37
73 -27
67 -11
60 0
55 11
49 20
45 28
38 38
31 49
23 58
14 62
5 65
-8 63
-21 61
-32 60
-43 56
-51 51
-54 46
-57 41
-60 36
-65 31
-70 19
-73 10
-76 -1
-80 -10
-84 -17
-88 -24
-92 -30
-96 -39
-100 -48
-90 -57
-78 -64
-63 -72
-48 -78
-32 -79
-15 -77
2 -73
22 -65
42 -55
57 -44
70 -28
84 -14
94 -1
100 12
96 27
90 41
78 52
64 63
46 74
27 76
4 79
-19 83
-40 88
-62 90
-83 91
-85 86
-86 78
-87 67
-82 56
-77 44
-63 29
-48 14
-33 4
-19 -3
-5 -10
11 -16
25 -23
36 -31
47 -38
60 -42
71 -46
82 -52
89 -58
92 -64
93 -71
89 -75
81 -78
73 -81
59 -83
36 -82
12 -75
-14 -65
-40 -54
-63 -44
-77 -35
-86 -26
-89 -17
-92 -5
-95 7
-94 17
-93 29
-92 40
-90 53
-86 66
-81 74
-74 82
-64 89
-52 96
-40 100
-28 81
-12 55
8 28
28 3
51 -22
72 -34
86 -44
93 -53
91 -63
90 -73
87 -83
77 -92
67 -96
53 -100
37 -95
21 -87
4 -74
-13 -61
-29 -49
-46 -37
-59 -18
-68 4
-78 26
-78 48
-78 71
-76 89
-74 100
-72 100
-64 100
-56 99
-47 97
-35 95
-23 92
-14 89
-6 85
2 82
12 75
19 68
26 54
35 37
39 20
44 4
48 -13
51 -30
53 -49
53 -64
56 -73
58 -80
60 -83
61 -86
57 -85
52 -84
42 -82
29 -79
16 -73
5 -66
-8 -53
-23 -38
-35 -22
-47 -7
-54 10
-61 24
-65 38
-68 51
-71 63
-69 75
-67 84
-65 85
-63 85
-60 83
-56 79
-50 74
-43 70
-34 66
-24 56
-14 44
-1 27
9 10
18 -5
27 -7
37 -8
48 -12
55 -16
61 -19
64 -18
65 -17
66 -11
66 -4
60 3
41 10
23 17
11 24
-1 31
-10 39
-19 47
-26 59
-30 69
-34 78
-40 81
-43 81
-46 80
-48 75
-51 70
-55 65
-59 52
-62 35
-63 13
-59 -14
-54 -37
-43 -55
-29 -70
-18 -82
-7 -92
5 -99
17 -99
29 -90
43 -79
54 -58
63 -31
74 -9
78 13
75 30
70 44
66 56
62 65
54 75
47 81
40 88
34 93
26 98
18 98
10 98
1 93
-8 87
-12 81
-14 74
-15 66
-16 58
-16 28
-13 -8
-16 -44
-19 -53
-21 -60
-18 -68
-15 -76
-16 -84
-16 -90
-14 -95
-15 -100
-19 -98
-24 -96
-28 -90
-29 -82
-29 -72
-27 -61
-26 -39
-24 -13
-22 12
-21 39
-21 59
-20 72
-19 75
-17 78
-17 70
-17 62
-13 53
-9 35
-6 10
-3 -13
0 -35
0 -56
-2 -67
-7 -76
-11 -83
-15 -86
-19 -88
-23 -87
-28 -81
-33 -70
-38 -58
-43 -43
-44 -29
-46 -13
-48 -1
-51 11
-51 22
-54 32
-56 40
-56 49
-57 54
-58 59
-58 66
-59 73
-60 80
-61 76
-61 66
-61 48
-61 29
-63 6
-66 -18
-62 -42
-55 -66
-46 -87
-35 -93
-22 -93
-6 -92
11 -89
24 -87
35 -85
46 -74
57 -58
67 -40
77 -6
91 32
89 65
85 83
81 97
74 99
67 99
59 92
47 85
34 73
22 61
11 48
1 35
-11 23
-21 10
-35 -7
-51 -22
-62 -37
-70 -53
-77 -69
-84 -83
-89 -94
-94 -97
-97 -86
-97 -69
-97 -52
-96 -35
-91 -17
-83 3
-61 22
-34 42
-11 62
8 73
31 79
53 85
69 89
83 93
93 91
100 89
99 85
97 77
90 69
84 61
80 53
73 45
64 36
55 22
44 9
33 -2
22 -14
12 -23
5 -29
-5 -36
-15 -41
-20 -45
-24 -52
-26 -56
-26 -59
-26 -62
-28 -63
-30 -64
-31 -61
-33 -58
-36 -55
-37 -52
-34 -47
-28 -40
-23 -32
-17 -22
-11 -16
1 -9
13 -2
27 9
39 17
51 19
62 21
72 24
69 26
66 28
54 28
35 30
16 34
-1 37
-15 36
-26 36
-37 35
-44 33
-50 28
-57 22
-66 13
-75 10
-79 7
-82 0
-84 -9
-85 -15
-86 -19
-88 -23
-90 -26
-86 -29
-75 -30
-64 -27
-50 -25
-26 -25
2 -23
28 -23
50 -24
70 -25
87 -22
99 -18
91 -14
83 -12
75 -7
67 -6
58 -2
49 1
33 -3
12 -4
-6 -5
-24 0
-43 14
-62 27
-81 39
-100 49
-98 57
-96 66
-94 74
-91 82
-88 86
-85 89
-82 89
-79 85
-75 78
-71 71
-67 64
-61 56
-57 47
-54 38
-52 26
-49 8
-46 -11
-46 -29
-46 -47
-39 -62
-32 -76
-23 -88
-14 -100
-5 -99
4 -91
12 -83
10 -76
7 -68
7 -56
6 -44
7 -31
9 -18
10 -4
10 13
13 28
16 42
19 43
22 35
24 27
26 11
23 -6
21 -23
22 -33
22 -43
20 -55
18 -68
16 -81
13 -91
11 -91
6 -89
4 -86
2 -82
0 -78
-1 -71
-2 -61
-4 -51
-6 -44
-7 -37
-6 -36
-4 -35
-2 -30
1 -24
3 -12
6 1
10 15
17 29
19 39
19 48
19 57
22 65
24 67
24 59
24 49
25 39
27 30
29 19
29 0
29 -16
29 -28
28 -42
29 -51
29 -59
27 -62
20 -67
13 -73
3 -80
-3 -86
-13 -92
-21 -93
-29 -95
-37 -96
-43 -97
-49 -98
-53 -96
-55 -94
-57 -90
-55 -81
-53 -66
-52 -51
-52 -36
-48 -16
-44 4
-38 19
-31 29
-26 37
-20 45
-16 53
-11 59
-6 65
1 70
9 70
13 70
14 73
12 77
5 77
-3 74
-11 69
-18 61
-25 53
-35 39
-44 24
-52 8
-61 -8
-68 -21
-70 -35
-72 -48
-74 -55
-74 -62
-74 -70
-74 -74
-72 -77
-70 -78
-68 -78
-66 -67
-66 -56
-60 -45
-54 -35
-48 -26
-39 -18
-30 -7
-20 1
-9 -1
2 -4
15 -6
28 -6
39 -6
48 -7
56 -8
63 -5
71 -4
80 -3
85 -2
86 -1
83 1
77 3
71 6
60 9
48 9
32 11
14 12
-1 9
-15 6
-29 2
-40 -8
-52 -19
-64 -28
-71 -38
-77 -48
-83 -49
-88 -50
-93 -51
-99 -54
-100 -57
-99 -60
-98 -63
-97 -67
-93 -71
-85 -75
-77 -80
-68 -79
-56 -77
-38 -75
-20 -72
-5 -69
12 -66
32 -64
51 -62
60 -54
65 -44
69 -33
73 -24
77 -14
79 -4
80 6
82 13
82 22
82 30
83 37
85 44
87 51
86 57
80 60
74 63
69 66
63 68
57 62
48 56
39 52
30 48
7 44
-16 39
-38 30
-58 20
-78 14
-93 7
-95 2
-97 -1
-97 -3
-97 -4
-97 -6
-94 -7
-91 -9
-89 -11
-84 -13
-76 -14
-67 -13
-60 -13
-52 -14
-41 -18
-28 -23
-19 -27
-6 -34
8 -36
23 -39
38 -44
51 -47
64 -50
77 -49
81 -45
79 -42
71 -38
63 -34
54 -29
46 -25
38 -21
30 -16
25 -11
18 -12
10 -12
5 -11
0 -9
-6 -7
-11 -6
-30 -5
-45 -2
-58 2
-70 8
-79 12
-88 16
-95 19
-97 24
-99 25
-98 21
-96 17
-95 11
-93 4
-90 -2
-83 -10
-73 -19
-55 -28
-30 -34
-7 -40
16 -48
36 -55
56 -55
63 -55
70 -55
74 -55
79 -49
83 -43
87 -37
91 -29
95 -15
96 0
90 18
72 36
53 49
30 62
7 68
-16 71
-41 74
-58 73
-75 69
-89 65
-89 60
-89 54
-87 48
-83 41
-76 33
-70 21
-64 5
-55 -11
-41 -29
-27 -49
-12 -67
3 -81
18 -87
33 -94
48 -97
60 -100
72 -100
80 -100
86 -99
89 -98
91 -97
93 -96
88 -92
83 -84
77 -74
71 -62
65 -50
60 -37
55 -27
45 -17
33 -5
21 9
11 20
3 30
-7 40
-18 50
-30 59
-41 65
-51 74
-62 80
-73 85
-84 90
-88 90
-91 90
-91 89
-91 87
-88 83
-84 74
-79 62
-73 48
-65 33
-56 18
-44 3
-32 -12
-20 -28
-13 -44
-5 -60
5 -73
17 -80
29 -85
41 -87
52 -89
63 -89
73 -89
80 -89
87 -87
94 -76
98 -62
100 -44
98 -25
97 -6
96 11
97 28
96 44
95 61
91 74
85 84
78 91
71 94
64 94
48 93
29 91
8 87
-15 81
-31 75
-41 69
-49 59
-56 50
-63 42
-70 34
-78 23
-85 13
-91 2
-97 -9
-99 -15
-99 -21
-99 -27
-98 -32
-90 -38
-76 -44
-53 -49
-27 -55
0 -53
28 -45
50 -40
72 -36
80 -32
88 -25
95 -18
95 -8
95 4
91 14
87 24
82 34
79 41
71 43
62 43
52 39
44 35
36 31
27 25
19 20
6 15
-7 8
-20 -2
-35 -14
-48 -27
-61 -42
-75 -53
-87 -59
-93 -65
-99 -70
-100 -74
-100 -78
-100 -82
-98 -84
-96 -85
-90 -82
-81 -69
-70 -52
-59 -35
-45 -9
-30 19
-13 40
1 61
15 80
29 86
45 92
60 97
73 87
86 75
95 63
95 49
92 35
85 19
78 0
58 -17
35 -28
11 -41
-20 -56
-50 -69
-68 -81
-83 -93
-91 -99
-96 -100
-98 -100
-100 -100
-100 -97
-99 -91
-94 -84
-87 -77
-78 -70
-67 -58
-49 -45
-36 -31
-23 -16
-13 2
-2 18
8 33
21 47
34 62
46 75
54 85
62 85
66 84
70 78
74 70
75 60
77 44
77 26
76 9
76 -7
75 -24
69 -40
63 -57
47 -69
31 -80
15 -86
-1 -90
-18 -91
-36 -91
-54 -91
-67 -89
-74 -82
-81 -75
-86 -68
-91 -58
-88 -45
-85 -30
-69 -15
-50 -1
-30 14
-9 29
17 39
42 48
61 56
76 64
88 69
99 74
99 78
94 81
89 82
84 83
71 83
57 77
42 70
21 60
-14 46
-45 27
-67 6
-80 -13
-93 -33
-96 -51
-94 -69
-89 -83
-81 -94
-73 -96
-64 -95
-51 -94
-38 -87
-25 -70
-16 -53
-5 -35
-1 -16
3 3
7 23
7 39
6 55
5 71
7 86
9 95
11 93
14 90
17 82
21 73
20 64
18 52
16 36
12 17
9 -1
6 -22
3 -42
1 -59
-2 -71
-6 -83
-13 -91
-20 -97
-27 -95
-34 -90
-38 -84
-42 -77
-47 -65
-50 -54
-52 -42
-53 -24
-49 -7
-45 12
-41 27
-25 37
-9 46
7 54
22 56
36 52
51 49
62 40
73 31
81 24
89 14
95 2
97 -10
99 -25
98 -40
96 -54
94 -65
83 -76
70 -78
53 -79
35 -79
19 -80
8 -77
-3 -74
-14 -73
-23 -71
-32 -68
-42 -54
-50 -34
-58 -15
-67 2
-74 19
-81 31
-89 38
-93 44
-95 48
-97 51
-94 51
-91 50
-85 48
-76 44
-66 37
-47 30
-28 25
-10 21
11 13
31 5
44 -3
57 -11
68 -23
80 -33
90 -42
97 -52
100 -63
92 -74
79 -80
65 -85
47 -90
29 -87
11 -84
-5 -81
-19 -77
-34 -74
-45 -69
-54 -63
-62 -51
-60 -32
-55 -9
-50 13
-43 33
-27 54
-9 75
9 85
29 94
49 93
63 84
75 71
87 55
93 38
98 21
93 4
86 -14
71 -34
54 -54
36 -75
10 -87
-17 -99
-43 -99
-64 -98
-78 -97
-87 -94
-93 -85
-85 -76
-77 -67
-59 -58
-41 -49
-21 -39
0 -29
26 -24
52 -16
65 -7
69 1
73 14
77 28
79 44
83 56
88 67
83 78
78 80
73 73
66 66
59 59
49 46
38 33
27 20
15 3
2 -17
-11 -31
-22 -48
-34 -62
-48 -75
-60 -75
-73 -74
-83 -72
-88 -69
-91 -62
-88 -55
-85 -46
-80 -35
-73 -24
-62 0
-47 26
-19 50
12 58
40 56
67 48
89 40
94 26
92 12
89 -2
86 -16
82 -32
78 -49
73 -66
66 -76
58 -83
49 -90
32 -82
14 -71
-4 -57
-16 -42
-28 -26
-40 -10
-50 4
-60 18
-66 23
-70 27
-76 30
-82 25
-84 20
-86 16
-85 12
-76 5
-54 -2
-34 -11
-10 -17
15 -18
38 -15
52 -10
50 -3
48 3
47 9
47 24
47 41
46 57
45 67
44 73
43 79
36 77
30 74
24 68
18 58
11 46
5 24
0 -1
-1 -26
-3 -50
-5 -70
2 -83
8 -93
14 -100
20 -99
27 -87
34 -75
41 -46
50 -12
60 21
67 45
68 68
69 78
65 86
61 91
57 96
52 99
47 93
48 87
49 79
50 68
51 58
50 47
49 33
48 11
48 -9
48 -28
48 -48
48 -64
47 -73
45 -80
43 -70
37 -58
25 -46
13 -31
3 -15
-11 0
-22 14
-37 30
-50 43
-63 54
-75 58
-87 59
-99 60
-100 62
-99 64
-97 66
-82 65
-67 61
-52 57
-35 53
-11 49
19 45
48 42
70 39
76 34
78 30
80 21
77 12
71 3
64 -7
44 -17
23 -29
-1 -38
-23 -43
-45 -46
-68 -49
-80 -51
-91 -53
-91 -55
-90 -56
-88 -56
-86 -52
-84 -45
-83 -38
-79 -31
-73 -20
-63 -9
-48 4
-29 15
-5 26
18 32
41 32
59 33
72 33
80 32
85 31
86 29
86 27
87 21
85 15
86 9
86 2
87 -7
87 -18
89 -27
91 -34
92 -40
93 -47
93 -55
84 -64
73 -72
60 -74
43 -56
26 -40
10 -23
-8 3
-28 30
-42 63
-51 90
-60 87
-64 82
-67 77
-68 71
-69 62
-65 52
-59 44
-54 27
-47 9
-39 -7
-30 -12
-20 -16
-12 -20
-3 -23
9 -26
17 -29
24 -29
31 -26
34 -26
35 -26
33 -23
27 -19
23 -20
16 -24
12 -27
10 -29
8 -29
6 -25
4 -22
0 -17
-3 -17
-4 -18
-6 -18
-8 -14
-10 -14
-12 -17
-13 -20
-12 -22
-11 -21
-7 -19
-5 -16
-2 -12
4 -8
11 -2
19 -1
25 -1
33 1
44 3
56 6
68 8
76 8
81 6
81 3
81 -1
79 -5
72 -9
55 -10
38 -10
16 -7
-4 -8
-24 -9
-43 -11
-60 -14
-72 -15
-83 -18
-90 -20
-93 -23
-93 -26
-86 -30
-79 -34
-69 -36
-59 -38
-52 -39
-39 -41
-27 -42
-14 -41
0 -39
13 -34
30 -29
46 -22
62 -17
77 -13
92 0
97 12
98 24
99 36
99 48
100 61
100 73
100 82
100 90
100 95
98 95
95 84
89 67
81 47
62 27
42 6
12 -18
-17 -42
