13 -27
22 -44
32 -59
32 -67
28 -72
30 -75
43 -71
47 -60
55 -53
64 -43
67 -32
63 -28
59 -23
59 -20
60 -12
64 -19
76 -23
88 -27
92 -29
93 -33
95 -44
99 -54
98 -61
93 -66
81 -74
47 -82
14 -84
-18 -84
-27 -83
-37 -73
-47 -58
-57 -43
-68 -30
-78 -13
-88 4
-84 18
-78 27
-64 41
-39 46
-14 55
11 57
28 58
44 56
57 51
58 38
50 24
44 8
29 -6
13 -16
-2 -20
-13 -31
-29 -44
-51 -54
-67 -65
-73 -71
-81 -77
-85 -80
-82 -81
-82 -82
-82 -79
-80 -75
-73 -72
-71 -71
-64 -71
-62 -71
-69 -77
-75 -87
-83 -92
-92 -85
-99 -80
-99 -74
-97 -59
-92 -50
-94 -42
-92 -33
-92 -22
-95 -9
-94 3
-93 18
-90 32
-90 43
-91 51
-91 59
-94 70
-95 75
-99 76
-97 78
-93 81
-81 83
-70 82
-58 76
-44 69
-34 59
-22 62
-9 65
3 68
19 74
38 82
58 85
79 88
94 91
99 93
97 80
94 68
93 56
91 35
81 13
69 -7
53 -26
44 -45
42 -57
40 -58
38 -56
37 -49
34 -40
34 -36
35 -30
30 -31
25 -32
20 -20
21 -13
19 -6
13 4
8 14
2 24
-7 29
-19 42
-34 51
-53 62
-72 79
-72 89
-75 86
-77 77
-87 66
-89 53
-94 28
-98 3
-100 -25
-92 -34
-86 -48
-77 -63
-69 -76
-56 -81
-49 -84
-45 -82
-35 -71
-25 -64
-13 -57
1 -48
18 -37
36 -20
49 0
58 20
65 37
73 54
81 61
81 73
81 76
85 76
87 73
91 59
92 52
95 52
99 59
99 58
90 54
81 50
61 46
36 40
12 36
-12 37
-38 39
-56 38
-74 34
-83 31
-86 26
-88 31
-82 38
-76 50
-68 63
-56 74
-41 75
-14 72
10 70
34 71
57 65
84 38
98 2
98 -32
97 -46
87 -54
75 -61
62 -68
47 -74
27 -70
5 -63
-17 -54
-43 -47
-52 -41
-68 -33
-73 -26
-69 -26
-66 -27
-51 -28
-35 -20
-15 -16
10 -18
33 -23
53 -44
67 -61
73 -75
78 -83
82 -92
87 -99
97 -97
92 -91
86 -90
85 -90
82 -83
79 -67
77 -49
75 -30
70 -10
69 17
69 40
64 60
53 79
47 83
41 80
35 81
30 81
25 72
23 61
25 45
20 32
14 17
7 8
-2 -5
-13 -16
-20 -22
-18 -31
-15 -41
-10 -52
-4 -66
1 -78
21 -90
33 -97
45 -94
57 -96
47 -94
38 -89
27 -86
13 -81
-1 -63
-13 -50
-26 -42
-36 -30
-50 -16
-59 -2
-67 8
-66 3
-66 -6
-64 -13
-61 -4
-57 13
-58 28
-54 40
-50 44
-47 46
-42 46
-34 31
-27 15
-20 -3
-13 -6
-4 -10
15 -8
34 -7
58 -7
78 -7
92 -4
93 1
94 -5
93 -22
93 -35
88 -47
79 -41
64 -29
56 -19
48 -11
39 0
37 10
33 15
27 17
22 9
14 -8
6 -19
-7 -28
-21 -40
-28 -57
-35 -72
-38 -88
-37 -95
-34 -88
-31 -75
-31 -56
-42 -33
-48 -10
-59 8
-67 28
-77 51
-86 68
-94 82
-94 96
-87 95
-82 87
-77 76
-74 62
-69 47
-59 38
-50 31
-40 24
-24 28
-8 26
10 26
30 36
49 51
64 75
75 86
84 94
77 98
52 100
45 96
34 97
23 87
21 86
21 72
24 54
27 40
36 33
38 23
44 10
47 -11
47 -32
55 -51
63 -57
73 -59
82 -63
94 -71
100 -79
96 -81
86 -80
71 -80
55 -84
39 -85
22 -86
8 -88
-4 -92
-20 -95
-27 -90
-37 -83
-44 -63
-48 -42
-47 -32
-34 -18
-20 -6
-2 8
10 25
20 34
28 38
37 38
44 39
52 38
58 36
64 38
61 41
53 49
44 58
29 67
4 71
-21 68
-41 68
-63 67
-81 48
-91 24
-96 -4
-100 -28
-97 -46
-96 -55
-94 -66
-92 -67
-84 -67
-76 -67
-66 -60
-52 -59
-38 -60
-25 -59
-12 -55
3 -54
23 -55
43 -56
63 -62
81 -66
75 -74
61 -78
51 -82
41 -83
28 -88
17 -96
8 -98
-2 -98
-22 -100
-33 -96
-44 -93
-56 -92
-64 -93
-67 -96
-72 -94
-78 -96
-85 -89
-92 -84
-96 -80
-92 -71
-86 -60
-81 -50
-83 -40
-83 -16
-81 -5
-70 2
-54 5
-37 7
-30 11
-24 14
-18 24
-19 34
-13 48
-12 61
-4 60
0 58
4 51
6 56
9 58
9 55
9 50
8 43
3 44
-8 45
-10 50
-10 53
-9 31
-8 6
-7 -14
-3 -29
-6 -42
-3 -54
1 -65
10 -65
13 -60
12 -54
15 -46
23 -39
31 -31
32 -20
28 -3
25 8
23 13
14 11
4 6
-9 6
-16 2
-23 -1
-29 -12
-30 -23
-20 -26
-6 -23
9 -20
24 -12
39 -6
56 4
58 17
53 30
47 46
43 52
26 56
10 62
-2 70
-17 82
-34 96
-51 97
-44 97
-39 95
-32 90
-29 83
-29 78
-28 83
-22 86
-11 97
-4 96
