-2 -1
-2 0
-2 1
0 2
2 1
3 3
3 4
4 3
6 4
7 4
8 2
9 2
10 3
13 4
13 6
11 7
12 8
12 9
11 9
9 10
9 9
10 8
9 8
8 7
6 7
7 9
7 10
6 10
5 10
4 12
3 10
2 10
3 9
2 8
2 6
1 4
-1 4
-2 4
-3 4
-2 5
-3 7
-5 7
-7 8
-8 7
-11 8
-12 7
-11 5
-10 4
-8 5
-8 3
-7 2
-9 2
-10 0
-9 -1
-10 -2
-11 0
-11 1
-13 2
-13 1
-15 -1
-15 -2
-17 -2
-18 -3
-19 -4
-20 -5
-22 -5
-23 -4
-22 -4
-22 -3
-20 -2
-19 -3
-18 -2
-18 -1
-18 0
-18 1
-19 2
-20 1
-19 3
-20 5
-19 6
-18 7
-17 5
-14 4
-14 6
-14 7
-15 6
-15 7
-16 7
-17 9
-16 10
-15 11
-14 11
-12 11
-12 13
-14 14
-15 15
-15 16
-16 16
-17 17
-17 19
-17 22
-17 25
-16 24
-14 23
-13 23
-12 23
-11 22
-10 21
-10 20
-9 19
-9 17
-8 15
-7 15
-6 15
-6 16
-6 17
-6 18
-5 17
-4 17
-5 16
-4 15
-3 17
-3 18
-4 19
-3 19
-2 18
-1 18
2 21
2 19
3 18
4 19
5 19
5 18
6 19
6 18
7 17
6 15
5 15
4 16
3 16
1 17
1 16
0 16
-1 15
-2 15
-1 13
0 12
1 14
1 13
1 12
0 10
-1 9
-2 9
-3 11
-6 10
-6 13
-8 12
-9 13
-10 15
-12 16
-11 17
-11 18
-12 18
-13 18
-13 20
-12 22
-11 23
-9 24
-9 25
-8 25
-7 23
-7 21
-5 20
-4 21
-3 23
-2 22
-1 23
-1 25
-1 27
0 27
-1 28
-2 29
-3 28
-4 26
-4 25
-5 26
-4 28
-3 29
-4 31
-5 31
-9 29
-11 31
-11 32
-14 31
-14 30
-14 29
-12 28
-12 26
-13 26
-14 26
-15 27
-16 28
-16 29
-17 30
-16 30
-17 29
-18 28
-19 27
-20 29
-20 30
-19 33
-20 33
-22 32
-22 34
-22 35
-20 35
-21 37
-20 39
-21 39
-20 40
-19 42
-18 43
-18 46
-19 47
-20 45
-21 45
-22 46
-24 45
-24 44
-26 45
-25 46
-25 47
-26 47
-27 46
-28 47
-29 47
-29 50
-28 51
-27 50
-27 52
-28 52
-29 52
-28 53
-27 54
-28 55
-29 56
-31 56
-32 57
-33 57
-34 55
-33 54
-33 53
-32 52
-31 51
-32 51
-33 52
-35 53
-35 51
-35 50
-36 50
-37 51
-38 50
-37 49
-38 48
-40 49
-39 50
-40 51
-40 52
-41 53
-38 54
-36 55
-37 57
-36 59
-39 59
-40 57
-40 55
-41 55
-42 56
-43 56
-44 54
-45 55
-45 56
-47 56
-49 57
-51 58
-52 57
-51 56
-50 54
-51 51
-52 52
-52 53
-54 54
-55 53
-56 53
-57 54
-58 56
-57 56
-58 59
-55 58
-54 58
-53 60
-54 61
-51 61
-50 64
-49 63
-48 62
-48 61
-49 59
-48 59
-47 59
-46 60
-44 60
-46 61
-47 63
-47 64
-46 64
-45 65
-44 66
-45 66
-46 66
-47 66
-47 67
-48 68
-50 68
-49 72
-50 74
-51 74
-52 72
-51 70
-52 69
-53 69
-54 69
-55 70
-56 68
-57 68
-58 70
-60 71
-61 71
-62 71
-61 72
-60 73
-59 73
-58 73
-56 74
-56 77
-56 79
-57 80
-56 82
-55 81
-54 82
-54 80
-53 80
-50 80
-48 80
-47 80
-46 81
-46 80
-45 81
-43 81
-42 81
-40 81
-39 82
-39 83
-38 82
-39 79
-40 78
-41 78
-43 79
-45 78
-46 77
-46 76
-48 75
-47 74
-45 75
-44 73
-42 72
-43 70
-44 70
-45 70
-44 69
-41 69
-40 68
-39 69
-37 69
-38 70
-39 72
-40 73
-41 74
-42 75
-40 76
-39 76
-37 76
-37 77
-37 78
-36 77
-35 77
-34 78
-35 79
-36 81
-34 82
-31 81
-29 80
-30 79
-29 79
-29 77
-30 76
-30 75
-31 75
-32 75
-33 76
-35 74
-34 73
-33 73
-32 74
-31 73
-31 72
-30 72
-29 71
-30 70
-30 69
-33 70
-32 69
-31 68
-30 67
-29 65
-30 65
-32 63
-34 66
-36 66
-37 67
-38 67
-39 67
-40 67
-40 65
-41 65
-41 63
-42 63
-43 63
-42 61
-41 60
-40 62
-37 63
-36 62
-35 62
-34 61
-33 60
-33 59
-32 60
-31 60
-30 59
-28 61
-28 62
-29 62
-28 63
-25 62
-23 63
-22 62
-21 61
-20 60
-19 59
-19 61
-18 61
-17 62
-17 61
-17 60
-17 59
-16 58
-14 58
-15 55
-17 55
-19 54
-20 55
-22 55
-20 57
-21 58
-21 59
-22 58
-23 59
-22 59
-23 60
-25 59
-26 59
-25 57
-24 57
-24 56
-25 54
-25 53
-26 52
-25 52
-25 51
-22 50
-22 49
-19 50
-18 49
-18 50
-19 51
-18 52
-17 52
-16 53
-17 53
-16 52
-16 51
-15 51
-15 52
-15 53
-13 53
-13 55
-12 55
-12 54
-10 53
-10 52
-11 51
-11 50
-11 49
-13 48
-15 49
-14 48
-13 47
-12 46
-14 46
-14 44
-14 43
-13 40
-16 39
-18 38
-17 36
-16 33
-15 36
-14 35
-13 36
-9 35
-7 36
-7 37
-7 35
-7 34
-5 35
-4 34
-4 33
-3 33
-2 34
-1 34
-2 36
-1 37
0 39
-1 40
0 42
-2 42
-2 44
-2 46
-1 46
0 47
1 46
1 45
2 45
4 45
3 47
3 48
2 47
1 47
0 48
-1 50
-1 53
-5 53
-4 51
-3 51
-4 50
-3 49
-5 48
-6 47
-5 45
-4 43
-5 41
-5 39
-7 40
-8 39
-9 38
-10 39
-9 42
-7 44
-9 46
-9 47
-9 49
-8 49
-7 49
-7 51
-8 52
-7 52
-7 53
-8 56
-10 57
-11 57
-11 59
-12 61
-12 62
-11 62
-9 61
-8 63
-7 62
-6 62
-5 63
-6 63
-7 64
-6 65
-7 65
-8 64
-9 64
-10 65
-11 64
-12 64
-13 64
-12 65
-13 66
-15 66
-16 66
-17 67
-17 66
-18 64
-19 65
-20 65
-19 67
-20 68
-22 69
-23 67
-22 66
-23 66
-24 67
-26 66
-26 67
-27 67
-28 69
-28 71
-25 72
-24 74
-22 75
-21 74
-19 75
-19 74
-19 73
-20 72
-19 70
-17 71
-17 70
-16 71
-15 72
-14 71
-13 70
-11 70
-11 69
-10 70
-9 68
-7 67
-6 67
-5 68
-6 69
-7 70
-7 71
-7 72
-9 72
-10 71
-11 72
-12 74
-11 76
-9 75
-9 76
-10 77
-9 79
-8 80
-8 79
-6 77
-4 78
-4 77
-5 76
-5 74
-3 74
-2 74
-2 73
0 72
1 71
2 72
3 71
4 71
4 70
5 71
7 71
8 73
9 74
9 73
9 72
9 70
10 69
11 70
12 70
13 71
14 71
13 70
13 69
15 67
12 65
10 63
10 67
9 67
8 68
7 68
7 65
5 65
4 64
3 63
2 64
1 64
2 65
3 66
4 67
3 69
2 70
3 70
2 71
1 70
-1 70
-2 71
-2 70
-3 69
-2 66
-3 65
-2 64
-2 63
0 62
1 61
2 61
3 61
2 60
1 59
0 59
0 60
-2 61
-3 61
-4 60
-5 59
-4 58
-3 58
-1 58
0 57
1 55
2 57
4 57
5 59
5 60
7 60
7 61
8 60
8 59
7 58
7 57
8 57
10 56
9 55
8 55
7 54
6 55
6 54
4 55
4 52
6 52
8 52
8 50
7 49
6 48
7 48
8 47
9 46
11 46
11 47
11 48
10 50
11 51
11 52
12 53
12 54
12 56
14 55
15 56
14 57
12 58
10 59
12 61
12 62
13 63
14 62
15 61
14 61
15 60
16 59
17 60
19 59
18 58
19 57
17 55
17 54
18 52
17 50
14 49
13 46
15 45
16 47
17 48
19 48
20 50
21 51
23 53
21 54
22 56
23 58
24 59
25 60
26 60
27 62
27 63
25 63
24 62
23 61
23 60
22 61
21 60
21 59
20 61
21 63
20 64
22 65
21 67
21 68
19 68
19 69
18 70
17 70
15 71
14 73
13 75
12 75
12 77
12 78
13 78
12 79
10 81
9 83
6 83
8 81
7 79
6 80
4 79
5 78
4 77
5 77
6 77
5 76
4 75
3 75
4 74
2 73
1 74
0 75
-1 77
-1 79
0 80
0 81
2 80
2 81
2 82
3 83
2 84
1 83
1 84
0 85
0 84
-1 83
-2 83
-6 83
-6 85
-8 84
-9 83
-10 82
-10 83
-10 84
-10 85
-9 85
-8 87
-9 87
-11 88
-12 89
-12 90
-13 89
-14 89
-13 87
-14 86
-15 86
-14 82
-15 82
-15 81
-14 80
-12 81
-12 80
-11 79
-12 79
-12 78
-13 76
-14 74
-15 75
-16 75
-18 77
-17 78
-17 79
-18 80
-19 80
-20 78
-20 79
-21 81
-23 81
-22 79
-23 78
-25 77
-25 76
-25 79
-27 80
-28 81
-27 82
-28 82
-29 85
-28 86
-27 86
-24 86
-25 85
-24 84
-23 84
-21 83
-20 83
-19 83
-18 84
-19 86
-18 87
-17 88
-16 88
-15 89
-14 91
-15 92
-15 93
-16 94
-16 93
-18 92
-19 91
-21 91
-21 89
-22 87
-23 88
-25 89
-25 91
-23 91
-23 92
-23 94
-23 95
-22 94
-21 95
-19 94
-17 96
-16 95
-15 96
-14 95
-13 95
-13 94
-12 93
-9 93
-8 93
-8 92
-6 91
-5 89
-4 89
-3 87
-2 87
0 88
-1 90
1 90
1 89
3 89
3 87
3 86
5 87
7 86
8 85
8 86
9 85
9 86
8 87
9 88
10 89
10 90
11 90
14 90
13 87
13 86
12 86
10 85
11 84
11 83
13 83
14 82
15 81
16 80
15 80
16 81
17 82
18 83
18 84
16 84
16 86
17 86
16 88
17 89
20 88
21 87
20 86
21 83
22 82
21 81
23 81
23 83
24 84
26 86
29 86
28 88
31 89
31 92
29 91
27 92
26 90
24 90
22 90
25 93
26 94
27 93
28 94
29 93
29 94
31 94
33 94
34 93
34 91
35 93
36 94
35 94
35 95
36 96
37 97
37 98
36 97
35 97
34 97
33 98
34 99
31 100
32 97
31 97
30 97
29 97
29 96
27 96
27 97
26 98
27 100
26 99
24 100
25 97
24 95
23 94
23 95
23 96
21 97
20 97
20 99
19 99
17 99
18 98
17 96
18 95
19 92
17 92
15 93
13 93
11 93
13 94
13 95
13 96
11 97
12 97
14 98
13 100
12 100
11 99
9 100
10 98
9 97
7 97
6 96
6 95
7 95
9 95
8 94
8 92
7 90
5 92
4 92
3 93
2 92
1 93
4 96
3 99
1 100
1 99
-1 98
-1 97
-3 98
-4 98
-5 97
-3 96
-2 95
-3 93
-4 92
-5 93
-5 94
-7 96
-6 98
-6 99
-7 99
-8 99
-9 99
-8 98
-9 97
-10 97
-10 98
-12 99
-15 99
-17 99
-18 100
-18 99
-19 98
-20 98
-21 98
-21 99
-20 100
-23 100
-25 100
-26 100
-27 98
-28 100
-31 99
-31 100
-33 100
-33 99
-34 99
-35 100
-37 100
-38 100
-37 99
-36 98
-36 97
-36 96
-35 95
-34 94
-33 96
-30 96
-30 95
-28 94
-27 93
-28 91
-30 92
-30 93
-33 91
-33 89
-32 88
-31 89
-29 89
-29 88
-31 87
-32 85
-33 87
-36 87
-36 85
-38 84
-39 85
-40 86
-39 87
-39 88
-38 88
-37 89
-37 90
-38 89
-39 89
-40 88
-41 87
-42 87
-41 85
-42 85
-43 84
-44 84
-46 85
-47 86
-47 85
-46 84
-47 83
-48 84
-49 84
-50 83
-50 84
-50 85
-49 86
-50 87
-53 85
-55 85
-55 87
-56 88
-55 89
-54 89
-51 90
-50 89
-49 89
-50 90
-51 91
-52 91
-52 92
-51 92
-52 93
-52 94
-51 95
-50 96
-49 95
-50 95
-49 93
-48 94
-48 95
-47 97
-46 97
-45 96
-44 96
-43 97
-42 96
-43 95
-44 95
-46 94
-45 93
-44 92
-45 91
-47 90
-45 90
-43 90
-42 89
-41 89
-40 91
-40 92
-38 93
-37 94
-38 94
-38 96
-39 96
-40 96
-40 97
-39 98
-40 98
-41 99
-40 100
-42 100
-44 100
-46 100
-47 98
-48 99
-50 100
-51 99
-52 100
-52 99
-52 97
-53 96
-52 96
-53 97
-54 96
-54 95
-54 94
-56 93
-56 96
-56 99
-57 99
-58 100
-60 99
-60 97
-60 96
-59 95
-58 94
-58 93
-59 91
-61 91
-62 90
-63 91
-62 92
-61 94
-63 94
-64 95
-64 97
-64 98
-63 100
-64 100
-67 100
-67 99
-67 98
-67 97
-68 98
-71 99
-72 100
-74 100
-73 99
-73 98
-72 96
-73 96
-75 96
-75 94
-73 94
-72 95
-71 94
-69 95
-69 93
-68 92
-68 91
-67 93
-65 93
-66 92
-65 91
-65 90
-64 89
-63 89
-62 89
-61 88
-60 87
-59 87
-59 84
-60 83
-62 84
-63 85
-64 85
-65 85
-65 84
-64 83
-64 82
-63 80
-62 80
-60 80
-59 79
-59 78
-59 76
-60 78
-61 77
-62 78
-62 77
-61 76
-63 75
-65 76
-66 78
-67 77
-68 78
-67 80
-66 80
-67 82
-66 84
-67 84
-66 85
-66 86
-67 87
-68 87
-69 86
-71 86
-71 87
-72 88
-71 89
-71 90
-72 91
-73 92
-73 91
-72 90
-74 89
-76 89
-75 87
-74 86
-73 87
-73 86
-72 85
-73 85
-74 84
-74 82
-73 81
-72 82
-70 81
-72 79
-74 79
-75 79
-76 80
-76 79
-75 78
-75 77
-76 77
-77 77
-79 79
-81 79
-81 80
-81 81
-81 82
-83 82
-81 83
-81 84
-79 83
-77 83
-78 83
-79 85
-78 86
-78 89
-79 89
-80 88
-82 89
-81 88
-82 87
-83 86
-85 86
-85 87
-85 89
-84 90
-83 91
-82 91
-80 90
-80 91
-79 92
-81 94
-79 95
-79 97
-78 98
-77 98
-78 100
-80 100
-79 98
-81 97
-82 98
-82 99
-83 98
-84 98
-86 99
-90 100
-92 100
-94 100
-93 100
-92 99
-91 98
-92 97
-90 96
-92 95
-92 94
-90 94
-89 95
-88 95
-87 94
-86 95
-85 93
-86 93
-87 92
-89 90
-88 90
-87 88
-87 87
-88 86
-86 84
-88 83
-89 82
-90 81
-91 82
-91 83
-92 83
-92 86
-91 87
-91 88
-91 89
-91 90
-92 91
-94 90
-95 92
-96 92
-96 94
-96 97
-97 97
-99 98
-100 100
-99 100
-100 98
-100 96
-100 95
-98 94
-100 91
-97 89
-96 90
-95 89
-95 88
-96 87
-94 85
-95 85
-98 84
-100 83
-99 81
-96 82
-94 80
-93 78
-94 77
-99 78
-100 74
-99 73
-98 74
-98 73
-97 72
-95 73
-94 74
-92 71
-91 72
-90 73
-90 74
-89 74
-90 76
-89 76
-89 78
-88 76
-87 76
-86 78
-86 80
-84 80
-83 78
-82 76
-83 75
-84 74
-82 75
-81 74
-80 72
-78 72
-78 71
-77 72
-76 71
-75 70
-75 69
-73 69
-72 70
-71 71
-73 73
-71 74
-70 76
-69 75
-69 74
-66 72
-68 71
-69 69
-70 69
-71 68
-70 67
-69 66
-72 66
-75 66
-77 67
-78 68
-81 69
-82 68
-83 71
-85 70
-86 68
-87 67
-86 66
-85 66
-83 65
-82 65
-82 64
-80 65
-80 64
-79 62
-78 65
-76 64
-75 64
-75 62
-74 61
-73 62
-73 63
-71 63
-70 64
-70 63
-69 62
-70 62
-70 61
-69 60
-70 59
-71 59
-72 59
-73 58
-74 58
-73 57
-73 56
-72 54
-71 55
-69 56
-68 56
-67 55
-66 58
-66 60
-66 61
-67 61
-67 63
-68 63
-67 64
-66 67
-65 68
-64 69
-63 69
-63 68
-62 66
-61 66
-60 68
-58 66
-55 65
-57 63
-58 64
-59 65
-59 64
-60 63
-61 64
-62 65
-63 65
-64 65
-63 63
-64 62
-64 61
-61 61
-61 59
-62 59
-61 57
-61 56
-63 54
-61 53
-59 52
-60 50
-61 51
-62 50
-61 48
-61 47
-62 45
-62 44
-63 43
-64 44
-64 43
-66 42
-63 41
-63 42
-62 42
-61 42
-61 41
-60 40
-60 39
-62 39
-63 39
-64 39
-65 38
-64 37
-64 36
-66 35
-67 36
-66 37
-66 38
-67 39
-68 39
-69 38
-71 40
-70 42
-71 44
-69 45
-69 44
-68 45
-67 47
-66 47
-65 46
-64 47
-64 48
-65 51
-65 52
-66 53
-66 54
-67 53
-68 53
-68 51
-70 52
-72 51
-72 50
-70 49
-71 48
-72 49
-73 48
-73 47
-75 49
-75 46
-77 47
-78 48
-80 47
-79 45
-78 45
-77 44
-76 44
-76 42
-77 43
-78 42
-78 43
-79 44
-80 44
-81 45
-81 44
-82 43
-84 42
-83 41
-83 40
-82 40
-81 39
-79 39
-77 36
-78 34
-76 33
-76 31
-76 30
-78 29
-79 29
-79 31
-78 31
-79 32
-80 32
-80 33
-82 34
-83 35
-83 36
-83 37
-84 38
-86 39
-85 40
-87 41
-87 42
-86 43
-87 43
-87 44
-87 45
-86 46
-85 45
-85 46
-85 48
-84 48
-83 49
-82 49
-82 50
-82 51
-81 50
-79 50
-79 52
-78 52
-78 54
-77 55
-76 56
-77 57
-75 58
-76 59
-77 59
-78 59
-79 58
-79 57
-78 56
-79 56
-80 55
-81 57
-82 58
-82 56
-82 55
-82 53
-84 54
-86 55
-84 56
-84 57
-85 58
-86 58
-87 57
-87 58
-87 59
-88 62
-87 61
-86 62
-85 63
-87 64
-89 65
-90 66
-90 69
-93 69
-94 69
-95 70
-96 68
-94 67
-96 66
-96 65
-97 66
-99 66
-99 64
-98 63
-100 62
-99 60
-98 60
-98 59
-99 58
-100 56
-99 57
-98 57
-97 56
-96 56
-95 57
-93 56
-94 58
-95 59
-94 59
-94 62
-94 63
-92 62
-91 61
-90 61
-89 60
-91 59
-90 58
-89 57
-90 57
-90 55
-90 53
-89 54
-88 54
-87 53
-86 52
-85 51
-87 50
-87 48
-88 48
-89 47
-91 50
-92 49
-94 48
-95 48
-95 50
-94 51
-93 53
-96 54
-96 53
-97 51
-99 53
-99 52
-100 50
-100 49
-99 47
-98 48
-97 48
-97 46
-97 44
-99 45
-100 43
-100 40
-99 40
-100 39
-98 38
-96 36
-95 38
-95 39
-96 40
-96 41
-95 42
-94 42
-93 44
-93 45
-92 44
-90 43
-92 40
-91 38
-92 36
-92 35
-91 36
-90 35
-90 36
-89 38
-88 39
-87 38
-88 36
-86 35
-86 34
-84 33
-84 32
-82 32
-81 31
-82 30
-83 29
-83 27
-81 26
-81 27
-80 27
-78 26
-75 26
-75 28
-75 29
-72 29
-71 31
-72 34
-74 36
-70 36
-70 34
-69 34
-67 33
-67 32
-65 33
-65 32
-64 31
-65 31
-66 30
-65 29
-66 28
-69 28
-70 27
-71 25
-70 23
-68 24
-67 23
-65 23
-66 23
-67 22
-67 21
-65 21
-64 19
-67 19
-66 17
-67 17
-68 17
-69 19
-70 19
-69 20
-70 21
-71 20
-72 20
-73 23
-75 22
-76 23
-77 22
-78 23
-79 22
-80 21
-82 22
-83 23
-81 23
-81 24
-82 25
-83 25
-84 25
-85 26
-85 27
-86 26
-87 24
-86 24
-85 22
-86 21
-86 20
-88 20
-86 19
-84 20
-83 19
-84 19
-83 18
-82 17
-81 16
-80 15
-81 14
-83 15
-84 15
-85 14
-85 13
-85 12
-85 11
-85 9
-87 10
-87 12
-89 11
-89 12
-88 14
-87 14
-86 14
-86 16
-88 16
-90 17
-92 18
-93 20
-93 21
-93 22
-94 22
-95 21
-96 23
-97 24
-96 24
-93 25
-90 24
-89 27
-88 28
-87 28
-86 29
-87 29
-88 32
-89 31
-90 32
-91 31
-92 30
-93 29
-93 30
-93 31
-92 32
-93 33
-94 35
-95 34
-96 34
-96 35
-97 34
-98 34
-98 32
-97 32
-96 31
-95 30
-97 30
-99 30
-100 31
-100 28
-97 26
-99 25
-100 23
-98 21
-97 20
-95 19
-94 18
-93 18
-94 17
-94 16
-96 15
-96 17
-98 18
-100 15
-100 14
-99 12
-97 11
-96 12
-95 11
-95 10
-94 11
-94 12
-92 10
-92 9
-92 8
-93 7
-93 8
-95 7
-96 8
-97 8
-98 10
-100 9
-100 7
-99 7
-98 7
-98 6
-97 4
-98 3
-99 3
-100 1
-99 1
-98 1
-99 -1
-99 -2
-98 -1
-97 -1
-97 -2
-97 -3
-97 -4
-99 -4
-100 -4
-99 -5
-97 -6
-99 -7
-100 -9
-98 -10
-97 -9
-97 -11
-97 -12
-99 -11
-100 -12
-100 -13
-100 -15
-99 -15
-98 -14
-97 -15
-97 -14
-96 -15
-94 -14
-93 -14
-94 -12
-93 -11
-94 -10
-93 -10
-94 -9
-93 -8
-93 -7
-94 -7
-94 -6
-94 -5
-92 -5
-91 -6
-92 -6
-91 -9
-88 -9
-89 -10
-89 -11
-87 -11
-85 -10
-84 -9
-83 -10
-83 -9
-84 -8
-84 -6
-84 -5
-84 -3
-87 -3
-90 -3
-90 -2
-91 -1
-90 0
-89 0
-90 1
-90 2
-91 2
-92 1
-93 1
-92 -1
-93 -2
-93 -1
-95 -1
-96 2
-95 2
-94 2
-93 4
-91 5
-91 6
-90 8
-88 6
-87 6
-85 5
-85 4
-83 3
-84 2
-85 1
-82 0
-80 0
-81 2
-80 2
-77 2
-79 4
-80 4
-81 5
-81 6
-81 8
-80 8
-81 9
-80 10
-81 11
-82 12
-81 12
-80 11
-79 12
-78 12
-78 13
-78 14
-78 15
-78 16
-79 17
-78 18
-79 18
-78 19
-76 20
-74 19
-73 18
-74 17
-75 17
-76 17
-75 15
-74 15
-72 15
-73 12
-70 12
-70 11
-67 10
-66 13
-67 14
-68 14
-67 13
-66 14
-63 13
-60 12
-61 10
-60 8
-60 7
-59 8
-57 7
-57 6
-58 5
-57 4
-58 2
-55 2
-53 3
-52 1
-50 -1
-48 -1
-47 -3
-45 -2
-44 -2
-43 -2
-41 -2
-41 0
-42 0
-44 1
-42 2
-44 3
-44 4
-41 5
-41 3
-39 3
-38 2
-38 3
-35 3
-34 4
-33 4
-32 7
-32 8
-33 7
-34 8
-36 8
-36 7
-37 7
-38 6
-40 8
-40 9
-40 10
-39 12
-40 14
-42 16
-44 17
-45 15
-43 14
-42 14
-42 12
-41 10
-42 10
-42 9
-44 8
-45 9
-44 10
-45 12
-46 11
-47 9
-47 7
-46 6
-47 5
-48 4
-49 5
-50 4
-52 5
-54 6
-53 7
-53 8
-52 8
-51 9
-51 8
-50 7
-49 8
-50 9
-50 10
-51 11
-50 13
-48 13
-47 14
-48 14
-49 16
-49 18
-50 19
-49 19
-48 18
-47 18
-48 19
-48 22
-48 23
-46 23
-44 22
-43 23
-44 24
-42 25
-42 24
-40 24
-41 26
-41 27
-39 27
-38 27
-37 27
-38 29
-37 30
-38 30
-38 31
-39 31
-40 32
-42 32
-42 30
-43 29
-43 28
-45 28
-45 27
-47 26
-48 28
-50 28
-50 26
-52 26
-53 27
-54 27
-56 26
-58 25
-55 24
-53 25
-52 24
-51 22
-51 21
-51 20
-53 20
-54 19
-52 18
-53 17
-53 16
-54 16
-54 15
-54 14
-53 15
-52 14
-53 13
-53 12
-52 11
-54 10
-54 12
-55 13
-57 12
-58 15
-61 16
-60 18
-58 18
-56 18
-56 19
-57 20
-56 20
-57 22
-57 21
-58 20
-61 21
-61 22
-60 24
-61 24
-62 25
-63 25
-62 27
-63 28
-63 29
-61 29
-62 31
-61 33
-62 35
-60 36
-59 34
-58 33
-58 34
-57 33
-58 32
-57 31
-56 29
-55 30
-54 29
-53 29
-54 30
-54 31
-54 32
-55 33
-54 33
-56 37
-56 38
-54 38
-55 39
-56 40
-55 41
-57 40
-57 41
-59 42
-58 43
-59 44
-58 47
-57 46
-57 47
-56 49
-57 50
-56 50
-54 51
-53 48
-54 46
-55 46
-55 45
-55 44
-54 44
-53 45
-52 45
-52 44
-51 45
-51 46
-50 45
-49 46
-49 45
-46 45
-44 46
-43 47
-43 46
-44 47
-45 48
-46 49
-47 48
-47 49
-47 50
-47 52
-46 52
-44 51
-43 50
-42 50
-42 49
-41 47
-40 45
-39 44
-38 43
-38 42
-38 41
-38 39
-39 38
-40 39
-39 39
-40 41
-40 42
-42 43
-45 42
-47 41
-48 40
-47 42
-48 43
-50 43
-50 42
-51 42
-50 41
-51 40
-51 38
-52 38
-52 36
-50 36
-48 36
-49 35
-51 34
-52 33
-51 32
-49 32
-49 31
-47 30
-46 31
-46 32
-46 34
-44 35
-44 36
-44 34
-44 33
-43 33
-42 34
-41 35
-41 34
-40 33
-39 34
-37 35
-36 34
-35 35
-34 32
-33 33
-33 35
-32 37
-35 39
-36 41
-35 41
-34 42
-36 44
-37 45
-36 45
-36 46
-35 48
-34 46
-33 47
-33 46
-34 45
-33 44
-32 44
-30 43
-31 42
-30 41
-29 40
-28 41
-26 39
-24 40
-24 39
-23 37
-24 37
-25 36
-26 36
-25 37
-26 37
-27 36
-28 37
-29 38
-30 37
-30 36
-29 35
-27 34
-27 33
-28 32
-29 33
-28 30
-28 29
-28 25
-27 26
-25 29
-25 30
-24 29
-22 25
-21 22
-24 22
-23 20
-23 19
-24 19
-26 20
-27 21
-28 20
-28 19
-28 18
-26 19
-25 17
-22 17
-21 16
-20 16
-18 14
-20 14
-22 14
-22 12
-22 11
-21 10
-22 10
-25 9
-25 10
-27 11
-25 12
-26 13
-25 14
-28 13
-30 14
-29 15
-30 16
-31 18
-30 19
-30 20
-32 21
-32 23
-32 24
-34 23
-34 25
-33 26
-32 27
-30 28
-31 29
-32 30
-33 29
-35 28
-36 26
-37 25
-38 24
-37 23
-38 23
-37 22
-36 21
-37 21
-39 21
-38 19
-39 18
-39 16
-37 15
-36 16
-37 17
-35 19
-33 18
-32 16
-33 15
-34 15
-35 12
-35 11
-33 12
-32 13
-32 12
-31 11
-30 12
-29 11
-30 10
-29 9
-30 8
-30 6
-29 4
-28 4
-29 2
-30 2
-26 0
-24 0
-25 -3
-26 -2
-27 -2
-28 -5
-30 -5
-30 -7
-32 -8
-33 -8
-35 -7
-35 -6
-34 -5
-35 -4
-35 -1
-36 -2
-36 -4
-36 -5
-37 -6
-36 -7
-36 -9
-36 -10
-36 -11
-35 -12
-34 -11
-32 -12
-32 -14
-31 -15
-30 -14
-30 -12
-30 -11
-29 -9
-28 -7
-28 -6
-27 -7
-26 -7
-26 -6
-24 -6
-24 -7
-25 -9
-24 -9
-22 -8
-20 -8
-20 -9
-19 -10
-18 -12
-17 -12
-19 -13
-19 -15
-20 -16
-22 -16
-23 -17
-23 -16
-24 -14
-23 -13
-24 -13
-25 -16
-27 -16
-27 -15
-28 -15
-29 -15
-29 -17
-30 -18
-29 -19
-31 -19
-33 -20
-31 -22
-30 -23
-29 -24
-29 -23
-28 -23
-27 -21
-25 -22
-24 -22
-24 -23
-23 -23
-22 -24
-21 -25
-21 -24
-19 -22
-17 -21
-17 -22
-16 -21
-16 -19
-14 -21
-13 -20
-12 -20
-12 -21
-12 -22
-14 -23
-15 -23
-16 -25
-19 -26
-19 -27
-20 -28
-21 -27
-21 -30
-23 -32
-24 -33
-23 -34
-22 -34
-22 -35
-22 -36
-23 -38
-21 -39
-19 -38
-18 -39
-17 -40
-18 -41
-17 -42
-16 -42
-15 -41
-14 -42
-14 -41
-14 -40
-14 -39
-15 -39
-16 -39
-15 -35
-18 -35
-19 -35
-19 -34
-17 -33
-15 -30
-15 -29
-12 -28
-12 -26
-12 -25
-11 -24
-9 -23
-10 -22
-11 -21
-10 -20
-10 -17
-11 -16
-12 -17
-12 -18
-13 -17
-15 -15
-13 -15
-12 -14
-11 -14
-10 -14
-9 -15
-8 -14
-7 -13
-7 -12
-9 -11
-10 -12
-10 -11
-10 -9
-12 -10
-13 -11
-13 -10
-14 -10
-13 -8
-15 -6
-12 -6
-11 -6
-8 -6
-8 -7
-7 -8
-6 -7
-6 -5
-6 -3
-6 -2
-4 -3
-2 -4
0 -4
1 -3
2 -4
3 -3
4 -4
6 -5
7 -5
9 -4
10 -4
12 -4
13 -4
12 -5
12 -6
12 -7
11 -6
9 -7
6 -7
4 -8
3 -8
3 -9
2 -10
1 -9
0 -9
-3 -10
-3 -9
-3 -8
-4 -8
-6 -9
-5 -10
-4 -11
-3 -11
-2 -12
0 -13
0 -14
0 -15
-1 -16
-2 -14
-3 -13
-4 -13
-5 -14
-6 -15
-7 -15
-6 -16
-5 -16
-6 -17
-6 -18
-7 -18
-7 -19
-8 -19
-7 -21
-7 -23
-5 -22
-5 -23
-5 -24
-5 -25
-6 -27
-7 -27
-7 -26
-9 -25
-9 -26
-10 -27
-10 -29
-10 -30
-11 -31
-12 -32
-11 -32
-11 -33
-8 -32
-6 -33
-6 -34
-5 -35
-4 -35
-5 -36
-5 -37
-6 -36
-7 -37
-8 -36
-11 -35
-11 -37
-12 -37
-11 -40
-10 -40
-11 -41
-11 -43
-11 -44
-13 -44
-12 -45
-13 -46
-13 -48
-15 -46
-16 -44
-16 -45
-17 -46
-18 -47
-18 -48
-19 -50
-19 -51
-18 -52
-19 -53
-20 -54
-20 -55
-20 -56
-21 -56
-23 -56
-25 -58
-26 -59
-26 -58
-27 -59
-28 -57
-26 -56
-27 -55
-26 -54
-25 -54
-24 -53
-23 -52
-23 -51
-24 -52
-25 -53
-27 -52
-28 -52
-27 -51
-27 -49
-26 -48
-26 -47
-25 -48
-24 -49
-22 -48
-21 -49
-20 -48
-21 -47
-20 -45
-20 -43
-21 -42
-22 -42
-23 -43
-22 -45
-23 -45
-25 -44
-26 -44
-26 -43
-27 -42
-27 -41
-25 -41
-26 -39
-25 -38
-26 -38
-27 -39
-28 -40
-29 -40
-30 -39
-30 -40
-32 -40
-33 -39
-32 -43
-30 -43
-31 -45
-29 -45
-29 -46
-29 -49
-29 -50
-30 -52
-32 -50
-34 -51
-35 -51
-34 -52
-34 -53
-37 -52
-37 -51
-40 -54
-41 -53
-42 -54
-43 -55
-42 -56
-41 -57
-40 -57
-42 -60
-43 -61
-42 -62
-44 -63
-45 -63
-44 -61
-45 -60
-46 -59
-47 -57
-47 -56
-45 -55
-44 -55
-45 -54
-44 -53
-44 -50
-46 -50
-47 -50
-49 -49
-49 -52
-50 -52
-50 -53
-50 -54
-52 -55
-51 -57
-52 -58
-52 -59
-52 -60
-51 -61
-50 -61
-49 -60
-49 -61
-49 -62
-48 -61
-47 -62
-47 -63
-46 -64
-47 -65
-47 -66
-48 -67
-48 -68
-47 -67
-45 -66
-43 -67
-42 -68
-44 -69
-45 -68
-45 -69
-46 -71
-45 -72
-44 -71
-43 -71
-42 -71
-41 -72
-41 -73
-42 -75
-40 -75
-40 -76
-39 -77
-40 -77
-42 -77
-42 -78
-43 -78
-46 -77
-46 -73
-48 -74
-48 -75
-49 -76
-50 -75
-50 -74
-53 -74
-53 -75
-53 -77
-54 -77
-56 -77
-58 -77
-59 -76
-58 -75
-59 -73
-57 -72
-58 -71
-61 -70
-61 -69
-63 -69
-63 -66
-62 -65
-64 -64
-65 -62
-63 -62
-62 -62
-62 -59
-62 -58
-60 -56
-59 -56
-58 -56
-57 -57
-59 -58
-59 -60
-59 -64
-57 -64
-56 -64
-56 -63
-55 -64
-54 -65
-53 -66
-53 -67
-54 -66
-55 -66
-56 -67
-55 -68
-56 -70
-53 -69
-50 -69
-51 -68
-50 -67
-50 -65
-52 -64
-54 -63
-54 -62
-55 -60
-55 -59
-53 -57
-55 -56
-56 -55
-55 -54
-54 -54
-53 -52
-52 -51
-52 -50
-52 -49
-52 -48
-53 -49
-54 -50
-56 -48
-56 -46
-57 -44
-58 -43
-56 -42
-55 -43
-55 -44
-54 -44
-53 -45
-50 -45
-49 -45
-50 -44
-51 -43
-52 -42
-53 -41
-52 -40
-51 -39
-52 -38
-52 -39
-53 -38
-54 -37
-52 -36
-54 -35
-55 -34
-57 -34
-57 -33
-58 -33
-60 -32
-59 -32
-58 -31
-57 -29
-55 -30
-55 -31
-53 -31
-53 -32
-52 -33
-51 -34
-50 -35
-49 -35
-50 -34
-48 -33
-49 -32
-50 -31
-52 -29
-55 -28
-55 -27
-54 -26
-52 -25
-53 -24
-53 -23
-51 -22
-50 -22
-48 -21
-48 -20
-48 -19
-49 -18
-50 -19
-52 -20
-52 -19
-51 -18
-51 -16
-49 -16
-48 -16
-47 -16
-46 -17
-45 -17
-44 -16
-45 -14
-47 -14
-46 -13
-47 -12
-49 -12
-47 -11
-46 -11
-45 -9
-44 -8
-43 -8
-43 -9
-43 -11
-42 -13
-39 -14
-40 -16
-38 -16
-38 -17
-39 -18
-40 -17
-41 -18
-43 -20
-44 -22
-43 -22
-42 -24
-44 -25
-46 -23
-48 -24
-48 -25
-50 -25
-49 -26
-48 -26
-47 -26
-48 -27
-49 -28
-49 -29
-48 -29
-47 -31
-46 -31
-46 -29
-44 -29
-41 -28
-41 -29
-42 -30
-40 -32
-41 -33
-43 -34
-44 -34
-45 -35
-45 -34
-46 -34
-47 -35
-46 -36
-46 -37
-45 -39
-42 -38
-41 -40
-43 -42
-43 -43
-44 -43
-45 -43
-47 -42
-48 -40
-49 -40
-49 -42
-48 -42
-47 -43
-47 -44
-46 -45
-46 -47
-45 -46
-44 -46
-43 -46
-41 -46
-40 -47
-41 -49
-40 -49
-41 -47
-40 -46
-38 -47
-37 -45
-36 -46
-35 -48
-34 -47
-35 -45
-36 -43
-37 -43
-38 -41
-39 -41
-38 -38
-39 -37
-40 -36
-39 -35
-38 -35
-37 -36
-35 -36
-34 -36
-34 -35
-34 -34
-33 -34
-33 -33
-31 -33
-30 -34
-30 -35
-28 -35
-29 -33
-28 -32
-27 -32
-26 -32
-26 -31
-27 -30
-26 -30
-24 -29
-23 -28
-25 -27
-26 -25
-28 -26
-27 -27
-26 -28
-27 -29
-28 -30
-29 -29
-30 -30
-31 -31
-32 -30
-33 -31
-34 -31
-35 -31
-36 -32
-36 -31
-35 -29
-34 -30
-32 -29
-33 -28
-34 -26
-36 -26
-38 -27
-39 -26
-38 -24
-36 -24
-34 -23
-35 -22
-35 -21
-35 -19
-37 -18
-36 -17
-35 -15
-35 -14
-37 -14
-38 -12
-40 -10
-39 -8
-39 -7
-40 -8
-41 -7
-42 -5
-43 -5
-47 -7
-49 -7
-49 -10
-50 -10
-52 -11
-51 -13
-52 -14
-54 -15
-55 -14
-58 -14
-59 -14
-58 -15
-57 -17
-59 -18
-59 -20
-56 -21
-55 -22
-56 -22
-57 -25
-59 -24
-60 -25
-61 -25
-62 -28
-60 -29
-61 -30
-62 -31
-64 -33
-64 -34
-65 -33
-67 -33
-66 -35
-67 -38
-68 -37
-69 -36
-70 -35
-71 -33
-73 -35
-74 -36
-73 -37
-74 -38
-73 -38
-71 -38
-70 -38
-69 -40
-67 -41
-67 -40
-65 -39
-63 -38
-62 -37
-61 -35
-59 -35
-60 -37
-60 -38
-59 -38
-58 -38
-57 -39
-57 -40
-58 -41
-59 -41
-61 -42
-62 -41
-62 -42
-63 -41
-65 -41
-65 -42
-66 -43
-67 -43
-69 -43
-70 -42
-73 -43
-74 -45
-76 -44
-77 -45
-78 -44
-78 -45
-81 -46
-82 -44
-81 -42
-79 -42
-77 -41
-76 -40
-78 -39
-76 -37
-77 -36
-77 -35
-79 -35
-80 -36
-80 -35
-79 -34
-78 -32
-79 -31
-80 -33
-82 -33
-86 -33
-85 -32
-86 -30
-85 -30
-86 -29
-85 -28
-86 -28
-87 -28
-86 -27
-86 -26
-84 -24
-83 -25
-82 -25
-82 -27
-82 -28
-82 -29
-81 -30
-81 -29
-79 -29
-78 -26
-78 -24
-79 -24
-81 -20
-78 -20
-76 -19
-75 -21
-74 -20
-73 -20
-73 -19
-72 -18
-70 -18
-71 -21
-73 -23
-73 -24
-72 -24
-71 -24
-70 -25
-71 -28
-75 -30
-74 -31
-73 -30
-71 -31
-70 -31
-69 -32
-69 -31
-67 -30
-67 -29
-66 -30
-64 -30
-64 -29
-64 -28
-64 -27
-65 -28
-66 -27
-66 -26
-66 -25
-65 -25
-63 -25
-63 -24
-62 -23
-63 -21
-64 -22
-65 -23
-66 -23
-68 -23
-68 -21
-67 -19
-67 -18
-66 -17
-66 -18
-64 -19
-62 -18
-61 -18
-63 -16
-63 -15
-64 -15
-65 -13
-66 -14
-67 -13
-68 -14
-69 -15
-69 -16
-70 -16
-71 -16
-72 -15
-72 -14
-74 -14
-75 -12
-73 -9
-72 -8
-72 -7
-72 -6
-71 -5
-70 -5
-69 -6
-68 -7
-70 -7
-71 -8
-71 -10
-70 -10
-69 -11
-69 -10
-68 -9
-66 -9
-67 -12
-66 -12
-65 -12
-64 -13
-63 -12
-62 -13
-61 -15
-60 -14
-60 -13
-60 -12
-58 -12
-56 -11
-55 -11
-55 -9
-53 -8
-52 -7
-51 -6
-52 -5
-52 -3
-53 -3
-54 -2
-55 -1
-55 -2
-56 -3
-58 -2
-58 -5
-57 -8
-58 -10
-59 -9
-60 -8
-61 -8
-62 -9
-62 -10
-63 -9
-64 -8
-63 -7
-64 -6
-65 -5
-65 -4
-63 -4
-63 -1
-63 0
-62 0
-60 0
-61 1
-62 1
-63 2
-63 1
-66 0
-66 -1
-67 0
-67 1
-67 2
-69 3
-68 4
-67 4
-65 3
-64 4
-64 5
-62 6
-63 6
-64 6
-65 7
-67 6
-68 7
-70 8
-71 9
-73 10
-74 9
-75 10
-77 11
-78 10
-79 8
-79 7
-78 6
-76 7
-75 6
-76 5
-75 5
-74 5
-73 4
-71 3
-72 1
-70 -1
-70 -3
-71 -3
-73 -3
-75 -1
-76 -1
-77 -2
-78 -2
-77 -3
-77 -4
-76 -3
-76 -4
-77 -5
-79 -4
-79 -7
-78 -8
-81 -9
-80 -10
-81 -11
-82 -12
-81 -12
-80 -13
-79 -12
-78 -13
-76 -14
-77 -15
-78 -16
-79 -17
-81 -17
-81 -15
-83 -14
-84 -13
-84 -14
-83 -15
-84 -15
-85 -15
-85 -14
-86 -13
-88 -13
-88 -14
-89 -15
-90 -14
-91 -14
-92 -15
-91 -17
-89 -17
-87 -17
-85 -17
-84 -17
-83 -18
-84 -19
-85 -18
-85 -19
-85 -20
-86 -19
-87 -19
-89 -19
-90 -20
-90 -21
-89 -21
-87 -21
-87 -22
-86 -23
-86 -24
-87 -24
-88 -23
-88 -24
-88 -25
-89 -25
-90 -26
-90 -27
-90 -28
-90 -29
-89 -31
-90 -30
-91 -30
-92 -30
-93 -27
-93 -26
-91 -25
-92 -24
-92 -23
-93 -23
-94 -22
-94 -21
-93 -21
-93 -19
-94 -19
-95 -18
-95 -17
-97 -17
-99 -19
-100 -19
-100 -21
-99 -21
-98 -21
-97 -22
-97 -25
-96 -26
-96 -27
-97 -29
-98 -27
-99 -27
-100 -27
-99 -29
-100 -30
-100 -31
-99 -32
-98 -32
-99 -33
-99 -34
-98 -36
-97 -35
-96 -35
-96 -33
-96 -32
-93 -33
-92 -34
-94 -35
-95 -35
-94 -37
-94 -39
-93 -41
-92 -42
-93 -43
-95 -43
-95 -41
-96 -39
-96 -38
-98 -38
-100 -38
-99 -40
-100 -41
-100 -44
-99 -44
-98 -44
-100 -48
-97 -49
-96 -49
-95 -48
-93 -49
-92 -47
-93 -45
-91 -45
-91 -46
-90 -46
-90 -47
-90 -48
-89 -47
-88 -46
-88 -45
-87 -43
-87 -42
-87 -41
-90 -38
-88 -37
-87 -38
-85 -37
-84 -36
-83 -38
-83 -37
-82 -36
-81 -37
-81 -38
-82 -40
-84 -41
-83 -42
-84 -43
-85 -45
-84 -45
-85 -46
-84 -48
-84 -50
-83 -49
-82 -48
-82 -49
-81 -50
-82 -52
-80 -51
-80 -50
-79 -49
-77 -48
-76 -49
-77 -50
-77 -49
-76 -50
-75 -49
-72 -48
-71 -47
-70 -47
-71 -48
-70 -49
-71 -50
-72 -51
-73 -52
-74 -53
-75 -53
-76 -53
-75 -54
-74 -55
-72 -56
-70 -56
-71 -55
-70 -54
-70 -53
-70 -52
-70 -51
-69 -51
-68 -49
-67 -49
-68 -48
-68 -47
-67 -47
-65 -47
-64 -46
-63 -44
-61 -46
-60 -45
-59 -46
-59 -47
-58 -49
-57 -51
-60 -52
-62 -51
-64 -50
-65 -50
-65 -51
-63 -53
-65 -53
-67 -55
-66 -56
-66 -58
-67 -58
-68 -60
-69 -59
-69 -60
-70 -59
-71 -58
-72 -60
-72 -59
-74 -58
-74 -59
-75 -60
-76 -59
-77 -59
-78 -58
-78 -57
-77 -56
-78 -56
-79 -55
-82 -56
-86 -56
-86 -55
-85 -54
-86 -52
-87 -50
-88 -50
-89 -50
-90 -51
-89 -53
-88 -54
-88 -55
-88 -56
-88 -57
-89 -57
-90 -57
-91 -56
-90 -56
-91 -55
-92 -55
-91 -54
-91 -53
-92 -52
-93 -51
-94 -51
-95 -51
-96 -51
-95 -53
-95 -54
-96 -53
-97 -52
-98 -52
-100 -51
-100 -53
-99 -54
-98 -55
-99 -56
-99 -55
-100 -55
-100 -56
-100 -57
-99 -58
-98 -57
-96 -58
-95 -58
-94 -57
-91 -58
-91 -60
-92 -60
-95 -61
-97 -61
-98 -60
-99 -60
-100 -62
-99 -62
-98 -63
-98 -65
-96 -66
-98 -67
-97 -67
-96 -68
-97 -69
-95 -70
-94 -69
-94 -70
-94 -71
-93 -71
-92 -71
-92 -72
-91 -73
-92 -73
-91 -74
-91 -75
-93 -76
-94 -77
-94 -76
-94 -75
-95 -74
-96 -72
-97 -72
-98 -71
-99 -70
-100 -71
-100 -72
-100 -74
-99 -75
-99 -77
-100 -78
-99 -78
-98 -79
-97 -77
-96 -77
-96 -78
-95 -79
-96 -81
-95 -80
-94 -79
-93 -79
-92 -78
-89 -77
-87 -77
-86 -76
-85 -77
-84 -78
-85 -76
-85 -75
-86 -74
-86 -72
-86 -71
-88 -72
-89 -72
-90 -71
-89 -70
-88 -69
-88 -68
-91 -68
-93 -68
-93 -66
-93 -65
-93 -64
-91 -62
-89 -61
-89 -59
-87 -59
-86 -60
-87 -61
-88 -63
-88 -64
-89 -63
-90 -64
-90 -65
-89 -66
-88 -66
-87 -66
-86 -68
-85 -68
-83 -66
-85 -66
-85 -64
-82 -63
-81 -63
-83 -62
-82 -61
-80 -61
-79 -60
-78 -62
-77 -62
-78 -64
-79 -66
-77 -67
-77 -69
-78 -69
-78 -70
-78 -71
-80 -69
-80 -68
-81 -69
-82 -69
-83 -72
-80 -73
-79 -74
-80 -75
-81 -74
-81 -75
-80 -78
-80 -79
-79 -79
-77 -80
-76 -79
-75 -79
-75 -81
-75 -82
-74 -82
-73 -80
-74 -78
-75 -77
-74 -77
-72 -77
-71 -78
-70 -77
-70 -78
-68 -79
-68 -78
-69 -75
-71 -75
-71 -74
-73 -74
-74 -75
-74 -74
-75 -73
-76 -72
-76 -73
-75 -72
-74 -71
-73 -72
-73 -71
-74 -70
-75 -71
-76 -70
-75 -69
-74 -67
-72 -67
-72 -66
-73 -64
-75 -65
-75 -64
-74 -63
-74 -62
-73 -63
-72 -63
-70 -62
-70 -63
-69 -64
-67 -64
-68 -66
-66 -67
-67 -68
-67 -70
-69 -69
-71 -70
-69 -72
-68 -73
-67 -72
-65 -72
-63 -72
-62 -74
-60 -75
-60 -76
-61 -77
-62 -76
-65 -76
-65 -78
-65 -80
-66 -81
-67 -81
-68 -81
-68 -83
-66 -84
-67 -85
-67 -86
-67 -88
-66 -89
-67 -89
-68 -88
-69 -89
-70 -88
-70 -87
-71 -87
-70 -86
-70 -85
-71 -85
-73 -84
-73 -85
-73 -88
-74 -88
-75 -86
-78 -85
-79 -84
-78 -84
-79 -85
-78 -86
-77 -87
-76 -89
-78 -90
-82 -90
-83 -88
-82 -87
-81 -87
-81 -86
-82 -84
-84 -84
-84 -83
-83 -82
-84 -81
-85 -82
-86 -81
-86 -82
-87 -83
-85 -84
-85 -85
-86 -86
-85 -87
-86 -88
-87 -88
-88 -89
-88 -90
-87 -90
-87 -91
-86 -90
-85 -90
-85 -91
-86 -93
-87 -94
-88 -94
-89 -95
-89 -94
-91 -93
-93 -91
-92 -90
-91 -91
-90 -90
-90 -87
-89 -86
-89 -83
-89 -82
-89 -81
-90 -82
-91 -81
-91 -82
-91 -84
-92 -84
-93 -85
-94 -84
-96 -85
-97 -86
-98 -84
-99 -82
-100 -82
-100 -84
-99 -85
-98 -89
-96 -89
-97 -91
-99 -91
-99 -92
-99 -93
-96 -95
-95 -94
-94 -95
-93 -96
-94 -97
-95 -98
-96 -97
-97 -98
-98 -97
-99 -96
-100 -97
-100 -100
-98 -100
-97 -99
-96 -100
-92 -99
-90 -100
-91 -99
-90 -98
-89 -98
-87 -96
-86 -95
-86 -96
-85 -98
-86 -100
-85 -100
-83 -100
-81 -100
-80 -99
-77 -99
-78 -97
-80 -96
-82 -96
-83 -97
-84 -96
-83 -95
-83 -93
-81 -94
-79 -94
-78 -95
-77 -96
-76 -97
-75 -98
-75 -99
-74 -100
-73 -98
-74 -97
-73 -97
-72 -97
-73 -96
-74 -95
-76 -95
-77 -94
-76 -93
-75 -93
-72 -93
-69 -93
-69 -95
-71 -99
-70 -99
-68 -98
-67 -98
-65 -97
-64 -98
-65 -96
-64 -95
-65 -94
-66 -94
-67 -93
-67 -91
-66 -91
-65 -90
-64 -91
-63 -91
-64 -92
-63 -95
-63 -96
-62 -97
-62 -99
-60 -99
-58 -97
-57 -98
-56 -97
-55 -94
-57 -94
-59 -92
-57 -90
-56 -91
-55 -92
-54 -91
-54 -87
-53 -85
-52 -85
-51 -84
-53 -84
-54 -83
-55 -83
-56 -85
-57 -85
-56 -86
-56 -87
-57 -86
-58 -87
-59 -88
-59 -87
-60 -87
-62 -86
-62 -87
-63 -86
-64 -84
-64 -82
-62 -82
-62 -80
-61 -80
-60 -83
-57 -83
-57 -82
-57 -80
-55 -81
-55 -79
-54 -79
-52 -80
-52 -81
-51 -80
-50 -79
-48 -78
-48 -79
-47 -80
-47 -81
-46 -82
-45 -82
-44 -83
-45 -85
-44 -85
-43 -86
-42 -88
-41 -88
-40 -90
-38 -89
-38 -88
-37 -87
-38 -87
-38 -86
-38 -85
-38 -84
-39 -83
-40 -83
-39 -81
-39 -79
-39 -80
-38 -81
-37 -81
-38 -82
-37 -82
-37 -83
-36 -84
-35 -85
-32 -86
-30 -87
-31 -89
-31 -91
-28 -90
-26 -89
-25 -88
-25 -87
-26 -86
-25 -84
-25 -83
-25 -82
-23 -81
-23 -79
-25 -79
-26 -77
-29 -76
-29 -75
-28 -74
-27 -73
-26 -74
-23 -73
-23 -71
-25 -69
-25 -70
-26 -72
-27 -71
-28 -71
-29 -72
-29 -71
-29 -70
-31 -70
-32 -68
-33 -70
-32 -71
-31 -72
-31 -74
-32 -76
-32 -77
-32 -78
-32 -79
-31 -80
-29 -79
-28 -79
-27 -80
-28 -81
-29 -82
-31 -82
-32 -83
-33 -82
-34 -83
-35 -82
-33 -81
-33 -79
-35 -78
-35 -76
-34 -75
-34 -74
-36 -75
-38 -75
-38 -74
-37 -72
-36 -72
-36 -69
-38 -68
-39 -67
-39 -66
-40 -63
-39 -62
-38 -63
-36 -64
-34 -66
-33 -64
-34 -62
-35 -60
-36 -60
-37 -59
-38 -59
-38 -58
-37 -56
-36 -55
-35 -56
-34 -55
-33 -55
-31 -55
-30 -55
-31 -56
-31 -57
-32 -57
-33 -58
-32 -61
-31 -61
-30 -61
-28 -61
-27 -61
-26 -62
-28 -63
-29 -64
-30 -64
-29 -66
-28 -65
-27 -67
-27 -66
-26 -65
-25 -64
-24 -63
-24 -62
-24 -61
-24 -60
-22 -60
-21 -60
-20 -61
-19 -60
-19 -59
-18 -58
-18 -57
-17 -57
-15 -58
-16 -59
-19 -62
-20 -62
-21 -63
-21 -65
-20 -66
-22 -67
-20 -68
-20 -69
-21 -69
-22 -70
-21 -71
-20 -72
-18 -72
-17 -73
-17 -72
-17 -71
-16 -69
-17 -69
-18 -68
-17 -68
-17 -65
-17 -64
-16 -62
-13 -61
-11 -60
-10 -60
-11 -58
-7 -58
-5 -59
-6 -60
-5 -60
-5 -61
-5 -62
-4 -64
-5 -64
-8 -65
-8 -64
-7 -62
-8 -62
-10 -63
-12 -64
-14 -65
-11 -66
-12 -67
-12 -68
-11 -68
-9 -68
-11 -70
-11 -71
-12 -72
-11 -73
-12 -73
-14 -73
-15 -74
-15 -75
-15 -76
-17 -77
-18 -77
-19 -78
-19 -77
-20 -76
-20 -75
-21 -76
-21 -78
-19 -79
-17 -78
-16 -78
-15 -77
-14 -78
-14 -81
-13 -81
-12 -81
-11 -83
-11 -85
-13 -85
-15 -86
-16 -84
-17 -81
-18 -82
-19 -82
-21 -83
-23 -85
-23 -87
-23 -88
-24 -89
-23 -90
-21 -91
-20 -90
-19 -89
-19 -88
-21 -88
-21 -87
-21 -86
-19 -86
-17 -87
-16 -88
-16 -90
-18 -90
-18 -91
-17 -92
-16 -93
-17 -95
-18 -94
-19 -92
-21 -93
-22 -92
-22 -93
-23 -92
-25 -93
-26 -94
-27 -95
-27 -94
-29 -95
-31 -94
-32 -93
-33 -91
-33 -90
-34 -91
-34 -90
-35 -89
-35 -88
-35 -87
-36 -88
-36 -89
-36 -90
-36 -91
-37 -93
-35 -93
-35 -94
-34 -95
-36 -95
-37 -96
-39 -94
-40 -92
-43 -92
-44 -91
-45 -88
-46 -87
-47 -87
-48 -85
-50 -87
-48 -88
-49 -89
-49 -90
-47 -90
-46 -91
-46 -92
-45 -94
-44 -95
-45 -95
-46 -96
-46 -95
-47 -96
-49 -95
-49 -94
-51 -94
-52 -95
-53 -96
-52 -97
-51 -97
-49 -98
-51 -99
-53 -100
-51 -100
-50 -100
-49 -100
-48 -99
-46 -99
-45 -98
-43 -99
-44 -98
-43 -97
-41 -98
-38 -99
-36 -100
-32 -100
-33 -98
-33 -97
-32 -97
-31 -96
-29 -97
-30 -98
-30 -99
-27 -99
-26 -100
-24 -99
-23 -99
-24 -98
-24 -96
-23 -95
-22 -96
-20 -97
-19 -96
-17 -97
-18 -98
-19 -98
-18 -100
-17 -99
-15 -100
-14 -100
-14 -98
-14 -97
-15 -96
-14 -95
-12 -96
-11 -98
-10 -98
-11 -94
-10 -94
-8 -93
-7 -92
-8 -91
-10 -92
-11 -93
-12 -92
-13 -92
-13 -91
-13 -90
-13 -88
-12 -88
-12 -89
-11 -90
-10 -89
-8 -89
-8 -88
-6 -89
-6 -91
-6 -92
-6 -93
-5 -95
-6 -99
-5 -99
-3 -98
-2 -99
-1 -99
0 -97
-1 -95
-1 -93
-2 -93
-1 -91
-2 -91
-1 -90
-2 -89
-3 -90
-3 -89
-4 -87
-3 -86
-2 -86
0 -85
1 -85
1 -83
0 -82
0 -83
-1 -83
-2 -84
-3 -84
-4 -84
-5 -84
-6 -83
-7 -84
-8 -83
-8 -82
-6 -82
-5 -81
-4 -81
-4 -79
-6 -79
-7 -79
-8 -79
-9 -76
-8 -76
-7 -77
-6 -77
-7 -76
-7 -74
-6 -74
-5 -73
-6 -73
-6 -71
-7 -70
-6 -69
-5 -70
-5 -69
-6 -68
-5 -68
-4 -67
-4 -68
-2 -67
-2 -68
0 -67
1 -65
0 -64
-2 -61
-2 -60
-2 -59
0 -59
1 -59
2 -59
2 -60
3 -61
4 -62
5 -64
3 -65
5 -66
7 -67
7 -68
8 -68
9 -69
11 -67
12 -66
12 -65
13 -63
15 -62
16 -62
17 -62
18 -62
17 -60
17 -59
17 -58
15 -58
15 -59
13 -59
12 -58
10 -57
10 -59
9 -60
8 -63
7 -60
8 -57
7 -56
6 -57
6 -58
5 -57
4 -59
3 -57
2 -58
1 -57
0 -56
-1 -55
-1 -56
-2 -57
-4 -57
-5 -55
-6 -56
-7 -55
-6 -55
-6 -53
-5 -53
-4 -51
-3 -50
-4 -49
-6 -50
-7 -51
-8 -52
-8 -53
-8 -54
-9 -54
-9 -53
-10 -54
-11 -54
-12 -55
-13 -54
-12 -53
-13 -52
-13 -53
-14 -54
-14 -55
-15 -54
-16 -53
-17 -51
-17 -50
-16 -49
-15 -50
-14 -51
-13 -51
-10 -50
-10 -47
-9 -47
-7 -46
-7 -47
-6 -47
-5 -46
-5 -45
-6 -44
-7 -43
-8 -41
-7 -40
-6 -39
-5 -41
-4 -43
-3 -41
-3 -38
-1 -38
0 -39
0 -38
-1 -37
-2 -35
-1 -34
0 -35
1 -36
2 -36
4 -36
3 -35
2 -34
1 -35
0 -33
-1 -32
0 -31
1 -31
0 -30
0 -29
-1 -30
-2 -30
-4 -30
-3 -27
-1 -26
-3 -23
-2 -22
-3 -21
-4 -20
-4 -19
-4 -18
-3 -17
-3 -18
-2 -20
0 -19
0 -18
0 -17
1 -17
2 -17
2 -15
3 -15
4 -14
3 -13
3 -12
5 -13
6 -12
5 -11
7 -10
8 -11
7 -12
7 -13
6 -15
7 -15
8 -17
9 -18
9 -19
8 -20
8 -22
6 -22
7 -21
6 -20
5 -18
4 -21
4 -22
3 -21
2 -21
2 -23
1 -24
2 -25
2 -26
3 -27
4 -26
5 -26
6 -25
7 -25
8 -25
9 -26
10 -25
9 -24
10 -23
12 -27
13 -26
13 -24
12 -23
12 -21
12 -20
13 -20
14 -20
15 -19
15 -18
14 -18
12 -18
11 -19
10 -18
10 -17
11 -16
12 -16
13 -15
13 -14
11 -13
10 -12
9 -12
10 -11
11 -11
12 -10
13 -11
14 -10
13 -8
16 -8
16 -7
15 -6
18 -5
19 -5
20 -7
21 -7
20 -8
22 -9
21 -10
22 -10
22 -12
21 -12
18 -12
17 -12
17 -13
16 -14
18 -14
18 -15
21 -16
22 -14
23 -15
25 -15
25 -12
24 -12
25 -11
24 -9
23 -7
23 -6
22 -5
23 -5
22 -4
21 -3
22 -1
19 -1
18 1
20 2
21 2
23 2
25 3
23 4
23 5
23 6
25 5
24 6
25 7
24 8
25 10
25 11
26 11
27 9
29 9
29 8
30 9
31 9
30 7
29 6
29 5
27 5
27 4
28 3
29 4
30 3
31 5
33 4
32 6
32 7
34 7
35 9
36 9
37 10
37 9
37 7
39 7
40 8
39 9
41 10
41 11
40 10
39 11
39 12
38 13
39 14
39 15
39 17
41 16
42 15
42 13
44 12
45 12
46 11
45 10
44 9
45 9
45 8
43 7
42 6
43 4
44 4
44 3
45 2
44 2
42 1
42 2
42 3
40 3
38 3
39 1
39 0
38 -3
39 -3
40 -3
40 -5
39 -6
40 -8
40 -10
39 -9
38 -10
37 -10
37 -8
38 -7
37 -6
36 -7
35 -8
34 -7
32 -7
33 -6
33 -5
34 -6
35 -5
36 -4
36 -2
35 -1
33 1
32 -1
33 -2
33 -3
31 -4
30 -4
31 -2
30 -1
29 -1
29 0
28 -1
28 0
25 -1
24 -1
24 -3
25 -3
26 -4
26 -5
27 -6
26 -7
27 -7
28 -6
30 -6
29 -7
29 -8
28 -10
29 -11
32 -12
31 -14
30 -16
29 -16
28 -17
30 -18
31 -19
29 -19
28 -20
27 -19
26 -21
27 -22
28 -23
28 -24
29 -24
30 -26
29 -26
28 -26
27 -27
28 -27
29 -28
30 -29
32 -30
31 -31
30 -32
32 -33
32 -34
33 -34
35 -33
36 -31
37 -31
41 -31
41 -32
40 -33
40 -34
41 -35
42 -35
41 -36
37 -37
36 -37
34 -37
35 -40
37 -41
35 -42
35 -43
35 -44
36 -44
37 -43
38 -44
40 -44
41 -46
43 -46
43 -45
42 -42
44 -41
45 -43
48 -44
50 -44
49 -46
50 -46
51 -47
52 -47
53 -47
53 -49
54 -49
54 -50
53 -51
54 -53
54 -54
53 -53
51 -53
50 -54
48 -53
47 -53
47 -50
48 -50
49 -50
50 -48
48 -48
45 -48
43 -49
44 -50
45 -51
44 -51
43 -51
43 -53
43 -54
42 -55
42 -56
43 -56
44 -56
47 -58
49 -58
50 -57
51 -57
52 -58
52 -60
51 -61
51 -62
50 -62
51 -64
52 -66
51 -67
50 -67
49 -67
49 -68
49 -69
50 -70
51 -69
54 -69
54 -72
53 -73
52 -73
51 -75
51 -77
50 -79
49 -79
50 -80
53 -79
54 -82
53 -84
52 -84
49 -83
47 -84
46 -84
47 -82
48 -81
47 -80
47 -81
46 -81
45 -80
46 -79
45 -78
47 -77
49 -76
48 -75
47 -76
45 -76
44 -76
44 -75
46 -74
46 -72
47 -73
48 -72
48 -71
48 -70
47 -69
46 -69
45 -68
46 -67
47 -67
48 -66
48 -64
47 -65
43 -63
43 -61
42 -61
40 -59
40 -58
39 -57
39 -56
38 -57
38 -58
37 -59
38 -59
37 -58
36 -59
35 -59
36 -60
37 -61
38 -62
38 -61
39 -62
39 -64
39 -65
41 -65
42 -67
40 -67
39 -69
41 -69
43 -70
41 -71
41 -72
41 -73
39 -74
38 -72
37 -71
35 -69
35 -72
36 -75
34 -75
33 -74
32 -74
31 -75
29 -73
30 -71
30 -70
29 -68
30 -68
31 -66
32 -64
34 -64
34 -61
33 -59
32 -60
31 -61
31 -62
30 -62
29 -61
29 -62
30 -61
31 -60
30 -59
29 -59
28 -59
27 -58
25 -58
25 -54
26 -51
28 -51
29 -51
30 -51
29 -54
28 -55
28 -56
30 -56
31 -57
33 -56
35 -55
35 -57
37 -56
36 -55
37 -54
37 -53
37 -52
37 -50
37 -47
35 -48
35 -47
33 -48
33 -50
32 -52
31 -50
31 -49
30 -49
28 -48
30 -47
28 -46
28 -45
30 -44
30 -43
31 -41
32 -41
30 -37
28 -36
28 -35
27 -36
28 -37
28 -38
28 -39
28 -41
28 -42
26 -41
25 -42
25 -41
26 -40
25 -39
25 -38
24 -37
24 -35
25 -35
26 -33
27 -33
28 -32
27 -32
26 -31
26 -30
24 -29
23 -30
23 -29
24 -27
25 -25
26 -24
25 -23
23 -23
22 -23
21 -23
22 -22
23 -20
23 -19
22 -18
22 -19
20 -20
20 -21
19 -22
17 -21
16 -21
17 -22
16 -24
17 -25
17 -26
19 -25
20 -26
20 -27
19 -30
17 -29
15 -31
14 -31
13 -31
11 -31
10 -31
11 -30
10 -29
8 -29
7 -30
6 -29
5 -29
5 -30
7 -31
7 -34
8 -34
8 -36
9 -39
7 -40
6 -39
6 -38
5 -39
5 -42
4 -41
3 -42
2 -43
2 -44
1 -45
-1 -45
-2 -45
-2 -48
-1 -48
0 -49
0 -50
-1 -52
-1 -53
0 -53
1 -54
3 -54
4 -52
8 -53
10 -55
12 -55
12 -56
14 -55
17 -55
15 -53
13 -53
12 -52
11 -52
13 -51
12 -50
10 -49
10 -48
7 -49
6 -47
4 -47
5 -44
6 -44
7 -43
7 -44
8 -45
9 -43
10 -44
11 -43
11 -42
11 -41
11 -40
12 -39
11 -37
11 -35
12 -33
13 -34
15 -33
16 -34
16 -35
18 -36
19 -37
20 -37
19 -36
18 -35
18 -34
19 -32
21 -31
22 -31
23 -32
22 -33
21 -34
22 -34
22 -35
22 -37
23 -39
21 -40
22 -41
22 -42
23 -43
22 -43
21 -42
19 -41
19 -40
18 -40
17 -40
15 -40
16 -42
17 -42
18 -42
18 -44
17 -44
16 -45
16 -44
14 -43
12 -45
14 -46
14 -47
13 -49
14 -49
16 -48
17 -48
18 -47
19 -45
20 -46
20 -47
22 -46
23 -45
25 -44
26 -44
26 -45
25 -46
24 -47
25 -48
25 -49
24 -49
24 -51
23 -50
22 -51
22 -50
22 -49
21 -49
20 -50
19 -49
18 -50
17 -50
17 -51
18 -52
19 -51
20 -51
21 -52
21 -53
20 -53
20 -55
21 -56
19 -58
21 -59
22 -60
23 -61
22 -59
21 -60
20 -61
20 -62
21 -63
22 -65
23 -66
24 -64
25 -62
26 -61
27 -62
27 -64
28 -64
27 -67
27 -69
26 -70
25 -69
24 -68
24 -69
24 -70
25 -70
26 -71
25 -72
25 -73
22 -74
22 -71
20 -70
19 -70
20 -69
19 -69
18 -68
19 -67
20 -67
19 -65
18 -66
17 -68
16 -69
15 -70
14 -70
14 -71
14 -72
13 -73
11 -72
11 -73
12 -75
12 -76
12 -77
10 -76
10 -77
10 -78
10 -80
11 -81
12 -80
12 -79
13 -77
14 -76
13 -75
14 -73
15 -72
16 -71
16 -73
17 -76
18 -75
20 -77
22 -78
26 -76
27 -75
28 -78
29 -79
28 -80
27 -81
27 -82
26 -83
26 -84
25 -85
27 -85
28 -86
29 -87
28 -87
27 -87
26 -88
26 -87
24 -87
23 -87
21 -87
20 -85
22 -85
22 -84
22 -82
21 -81
20 -82
20 -81
19 -80
19 -79
18 -79
17 -80
16 -81
16 -82
15 -81
14 -81
14 -82
15 -83
17 -84
18 -85
18 -86
18 -87
17 -86
15 -88
15 -86
14 -85
13 -86
13 -83
12 -83
11 -84
10 -84
9 -83
8 -81
8 -79
8 -78
8 -77
7 -77
5 -76
3 -77
2 -76
1 -76
2 -73
2 -72
4 -72
4 -74
5 -73
6 -72
6 -71
4 -70
3 -70
1 -69
-1 -70
-1 -71
-1 -72
-2 -71
-3 -72
-4 -73
-3 -74
-3 -75
-3 -76
-3 -78
-3 -79
-2 -79
-1 -79
0 -78
1 -79
1 -80
1 -81
1 -82
2 -81
3 -80
3 -81
2 -82
2 -83
3 -84
5 -83
5 -85
5 -86
4 -86
3 -87
2 -88
1 -89
4 -90
4 -91
5 -90
6 -89
7 -89
8 -90
8 -89
8 -88
8 -87
7 -86
8 -86
10 -87
11 -89
11 -91
13 -91
13 -94
11 -93
10 -94
8 -93
7 -93
3 -94
2 -95
1 -96
2 -97
5 -97
6 -98
5 -99
7 -98
7 -96
8 -96
9 -96
9 -97
10 -100
10 -97
11 -96
12 -96
13 -98
14 -100
15 -99
16 -100
18 -99
17 -99
16 -99
15 -98
16 -98
17 -97
16 -96
17 -96
18 -94
17 -94
17 -92
18 -90
20 -89
21 -89
21 -90
22 -91
23 -91
24 -90
26 -91
27 -92
26 -93
27 -93
28 -94
27 -95
25 -97
24 -97
23 -97
24 -96
24 -95
23 -95
21 -96
20 -98
20 -99
21 -99
23 -100
26 -100
27 -100
29 -100
30 -99
28 -98
29 -97
30 -97
31 -96
32 -95
33 -94
32 -93
31 -93
30 -93
29 -94
29 -95
31 -95
32 -96
33 -98
34 -100
34 -98
35 -97
37 -98
38 -97
38 -98
40 -99
41 -97
40 -96
43 -95
42 -94
41 -93
42 -91
41 -91
40 -90
40 -91
39 -92
38 -93
37 -95
36 -95
36 -94
35 -93
36 -92
36 -90
34 -89
32 -91
31 -91
29 -90
31 -89
32 -87
32 -86
31 -85
30 -85
29 -85
30 -82
31 -82
31 -81
32 -82
32 -81
31 -80
32 -79
32 -78
33 -79
34 -78
35 -79
35 -78
35 -77
36 -77
38 -79
39 -79
40 -79
43 -78
43 -79
43 -80
43 -81
42 -82
40 -83
38 -84
38 -83
37 -82
36 -82
35 -84
35 -85
35 -86
36 -88
38 -87
39 -87
41 -86
41 -87
41 -88
43 -87
43 -88
44 -87
44 -88
45 -89
45 -90
45 -91
44 -92
47 -93
47 -94
47 -95
46 -96
46 -97
45 -98
44 -99
46 -100
47 -100
46 -98
47 -97
47 -98
48 -97
50 -97
51 -98
52 -100
53 -100
55 -98
55 -97
56 -95
57 -95
58 -94
59 -94
60 -94
61 -94
60 -95
59 -97
58 -98
57 -98
56 -100
58 -100
60 -100
61 -100
61 -98
61 -97
63 -98
64 -98
64 -100
65 -100
67 -99
66 -98
67 -96
66 -95
65 -95
65 -94
66 -93
67 -93
69 -92
70 -94
71 -93
72 -93
71 -92
70 -91
68 -90
69 -88
69 -87
71 -87
72 -88
72 -89
73 -89
74 -91
76 -90
75 -88
74 -85
75 -85
76 -84
76 -83
75 -82
73 -81
76 -81
77 -81
77 -82
78 -83
80 -84
78 -86
79 -87
81 -87
82 -89
82 -90
80 -89
79 -89
78 -90
77 -92
76 -93
75 -94
75 -95
74 -96
72 -96
71 -96
70 -97
69 -97
69 -98
71 -99
72 -99
72 -100
74 -99
74 -100
75 -99
76 -100
80 -100
80 -99
79 -98
78 -95
81 -92
83 -93
85 -93
83 -94
83 -95
84 -98
86 -99
89 -98
90 -99
90 -100
93 -100
94 -100
94 -99
95 -96
97 -96
95 -93
96 -92
96 -90
98 -92
100 -93
99 -92
100 -90
100 -89
100 -87
100 -86
100 -85
99 -85
97 -84
96 -84
95 -85
94 -86
93 -85
92 -85
92 -86
92 -87
92 -88
93 -89
94 -90
92 -90
92 -91
91 -92
92 -94
93 -96
92 -97
91 -97
88 -96
89 -94
88 -92
90 -91
90 -90
90 -89
90 -87
90 -85
89 -85
88 -84
88 -85
87 -85
86 -86
87 -87
86 -88
85 -86
83 -84
85 -84
86 -84
87 -83
85 -81
85 -80
85 -79
86 -79
87 -79
86 -78
87 -76
88 -76
89 -75
88 -77
89 -78
90 -79
92 -78
92 -79
93 -80
91 -80
90 -81
91 -82
90 -82
91 -81
93 -82
98 -81
99 -78
100 -76
97 -75
96 -76
97 -77
96 -77
95 -76
94 -76
94 -74
93 -74
92 -74
91 -75
90 -73
92 -73
93 -71
91 -71
89 -70
88 -68
87 -69
85 -69
84 -71
83 -71
82 -71
81 -70
82 -69
82 -68
81 -66
80 -66
79 -66
78 -68
77 -68
76 -66
75 -66
76 -65
76 -64
77 -65
78 -65
77 -64
78 -63
80 -64
78 -60
79 -59
80 -59
79 -60
78 -59
77 -59
76 -59
75 -59
74 -59
74 -60
75 -62
74 -62
74 -64
73 -65
72 -65
73 -66
74 -67
73 -68
74 -68
75 -68
75 -69
76 -70
77 -71
80 -72
80 -73
79 -75
80 -76
83 -75
83 -76
82 -78
81 -78
80 -78
79 -80
76 -79
76 -78
75 -78
75 -77
76 -75
77 -74
75 -74
73 -73
72 -72
73 -72
72 -70
71 -71
69 -71
67 -71
65 -74
66 -75
66 -76
67 -76
69 -75
69 -76
71 -76
71 -78
70 -78
68 -78
69 -80
69 -81
67 -84
67 -85
66 -87
65 -85
64 -86
61 -86
61 -87
61 -88
62 -89
63 -89
64 -91
62 -92
62 -91
61 -89
59 -88
58 -89
57 -90
57 -91
56 -91
55 -92
54 -93
52 -95
50 -95
51 -92
50 -91
49 -90
48 -89
47 -90
46 -89
45 -88
46 -87
46 -86
49 -87
51 -88
52 -89
53 -89
56 -87
56 -86
57 -85
58 -83
58 -82
58 -81
59 -82
59 -83
60 -83
61 -84
62 -84
63 -83
62 -82
63 -80
60 -80
58 -80
56 -79
56 -77
55 -74
56 -73
56 -72
58 -71
59 -72
60 -74
60 -75
60 -77
61 -77
63 -77
63 -76
63 -74
63 -72
64 -71
64 -69
64 -68
66 -68
68 -67
69 -68
69 -67
68 -66
66 -66
66 -65
65 -66
63 -66
63 -64
62 -63
61 -62
60 -63
59 -63
61 -64
60 -66
61 -66
62 -67
61 -68
61 -69
57 -67
57 -66
57 -65
56 -65
55 -65
53 -64
55 -63
54 -62
55 -62
56 -63
57 -61
56 -60
55 -58
54 -58
57 -57
57 -58
59 -59
60 -58
61 -58
63 -57
64 -59
63 -59
64 -61
65 -61
67 -60
68 -62
69 -64
70 -64
70 -63
70 -62
71 -62
72 -61
72 -59
70 -58
68 -57
67 -58
67 -56
67 -55
67 -54
66 -52
65 -50
64 -50
63 -52
64 -52
65 -54
63 -55
63 -54
61 -54
60 -54
61 -55
61 -56
60 -56
59 -55
58 -55
56 -55
56 -54
57 -53
57 -52
57 -50
59 -51
59 -50
59 -49
58 -48
57 -48
58 -47
60 -48
61 -46
60 -44
61 -44
63 -45
65 -47
68 -46
68 -45
67 -44
68 -43
68 -42
69 -41
69 -40
68 -40
67 -41
67 -40
68 -41
67 -42
65 -43
65 -44
64 -43
63 -43
63 -41
61 -42
60 -42
59 -40
59 -39
60 -37
59 -36
61 -35
63 -34
64 -34
65 -34
64 -36
66 -37
66 -36
66 -34
67 -33
69 -32
69 -31
70 -32
69 -33
70 -34
71 -34
72 -34
74 -34
73 -36
72 -36
69 -37
71 -38
72 -39
75 -39
76 -38
75 -37
75 -36
76 -37
76 -36
78 -36
78 -37
78 -38
79 -39
78 -39
79 -40
79 -41
80 -42
81 -42
82 -40
83 -41
83 -42
83 -43
81 -44
81 -45
80 -44
80 -45
79 -44
78 -43
79 -42
78 -42
77 -43
76 -43
77 -44
76 -45
75 -45
74 -43
70 -44
71 -46
70 -46
70 -47
69 -48
68 -50
70 -53
70 -55
72 -55
73 -56
73 -57
74 -55
75 -55
75 -54
76 -52
77 -51
77 -50
76 -49
77 -49
78 -49
79 -49
78 -48
77 -47
78 -46
80 -47
81 -48
80 -49
82 -48
83 -46
85 -47
85 -46
86 -44
87 -45
88 -47
88 -48
89 -49
88 -50
87 -49
85 -49
86 -51
87 -51
87 -52
87 -53
86 -52
85 -51
84 -52
83 -53
82 -52
80 -53
80 -54
79 -56
80 -56
81 -56
81 -54
82 -54
83 -55
83 -56
85 -55
85 -57
84 -58
83 -60
83 -61
84 -62
85 -61
87 -63
85 -64
84 -64
84 -66
85 -65
86 -66
87 -65
89 -66
90 -67
93 -67
94 -66
94 -65
92 -64
91 -64
91 -63
89 -63
89 -62
91 -61
93 -62
95 -61
96 -61
96 -62
97 -62
98 -62
98 -63
97 -63
96 -63
97 -64
97 -65
99 -68
100 -63
98 -59
95 -59
94 -59
93 -59
89 -58
87 -57
88 -56
88 -55
90 -55
90 -54
90 -52
91 -51
92 -50
93 -51
94 -50
95 -50
95 -51
94 -51
93 -52
93 -53
92 -54
92 -55
93 -55
93 -54
94 -54
96 -54
97 -55
98 -55
98 -54
99 -53
100 -51
98 -52
97 -52
97 -51
98 -49
99 -49
100 -47
100 -44
100 -42
100 -41
100 -39
98 -40
97 -40
96 -42
93 -44
93 -47
92 -48
91 -47
90 -46
90 -44
90 -43
90 -42
88 -42
87 -42
86 -42
86 -41
86 -40
86 -39
87 -38
87 -37
87 -36
89 -38
90 -39
89 -39
90 -40
91 -39
92 -40
93 -40
93 -38
95 -37
95 -36
98 -37
99 -36
100 -35
100 -34
97 -32
99 -30
99 -29
99 -26
100 -24
99 -25
98 -25
97 -26
96 -24
95 -23
94 -24
93 -25
94 -27
95 -26
95 -27
94 -29
94 -30
93 -32
92 -33
93 -33
94 -32
95 -33
95 -34
92 -35
91 -34
89 -34
87 -34
85 -34
84 -34
84 -35
82 -35
81 -34
80 -35
80 -36
81 -35
80 -34
79 -33
80 -33
80 -32
82 -32
81 -31
80 -30
80 -29
81 -29
83 -30
85 -31
85 -32
86 -31
87 -30
86 -28
88 -29
89 -30
89 -31
91 -31
91 -30
91 -29
90 -29
89 -29
89 -28
89 -27
88 -27
88 -25
89 -24
90 -23
94 -22
93 -21
94 -19
95 -18
92 -19
90 -18
88 -20
87 -18
86 -16
86 -14
88 -14
87 -12
86 -10
85 -9
81 -7
80 -9
81 -11
83 -12
84 -14
83 -15
80 -15
81 -13
80 -13
77 -12
77 -13
77 -14
76 -14
77 -18
76 -19
77 -19
79 -20
80 -18
81 -19
82 -21
83 -21
84 -20
86 -20
86 -21
87 -22
85 -24
85 -25
82 -25
81 -26
80 -25
77 -24
75 -23
75 -24
76 -26
76 -27
74 -26
73 -27
73 -28
74 -29
75 -29
76 -29
76 -31
74 -32
73 -31
72 -30
70 -28
69 -26
70 -25
71 -26
72 -26
73 -24
72 -22
70 -22
70 -21
69 -21
68 -21
68 -23
67 -24
66 -23
65 -24
66 -26
67 -26
66 -29
66 -30
64 -31
63 -31
64 -30
63 -29
61 -30
60 -30
59 -27
60 -26
61 -27
62 -27
63 -26
63 -25
63 -23
63 -21
61 -21
61 -23
60 -25
59 -24
57 -25
56 -25
55 -24
54 -23
54 -24
55 -23
54 -22
51 -21
51 -22
50 -24
49 -24
50 -25
50 -26
51 -26
50 -28
50 -29
51 -30
52 -30
52 -31
53 -30
54 -30
54 -29
53 -27
54 -28
55 -27
57 -29
58 -30
58 -32
56 -33
55 -33
53 -33
56 -36
56 -40
56 -41
57 -42
56 -43
57 -44
56 -44
53 -44
53 -43
53 -42
54 -41
55 -41
54 -40
54 -39
51 -36
50 -37
49 -36
49 -37
50 -40
49 -39
48 -39
47 -38
46 -38
45 -36
44 -35
44 -34
46 -33
47 -33
47 -34
49 -33
47 -32
47 -30
48 -29
48 -28
47 -28
45 -28
44 -26
46 -25
47 -25
46 -24
44 -23
43 -23
43 -21
45 -21
46 -22
46 -21
47 -20
48 -21
50 -19
52 -19
52 -18
51 -17
50 -17
50 -15
52 -16
53 -14
54 -14
55 -16
56 -15
56 -14
55 -13
56 -13
58 -14
59 -15
60 -15
58 -17
57 -18
56 -20
58 -21
59 -20
59 -19
61 -19
62 -18
62 -17
64 -18
65 -17
66 -17
66 -18
68 -19
70 -19
71 -17
70 -17
71 -16
72 -15
72 -13
74 -12
73 -11
74 -9
72 -9
70 -11
70 -13
69 -13
67 -14
66 -13
64 -13
66 -12
67 -11
66 -11
66 -10
66 -9
64 -10
63 -9
60 -12
59 -10
57 -11
55 -10
56 -9
56 -8
56 -7
55 -7
54 -8
53 -8
53 -10
52 -10
50 -10
50 -12
48 -12
47 -12
48 -13
46 -14
46 -15
47 -17
45 -18
45 -17
44 -17
43 -18
41 -19
39 -20
38 -21
37 -24
38 -23
39 -24
40 -25
40 -27
38 -26
37 -26
37 -28
36 -29
35 -28
35 -26
34 -26
32 -27
31 -26
32 -25
33 -24
34 -24
33 -23
32 -23
33 -22
34 -23
35 -22
35 -19
34 -18
35 -16
35 -14
35 -13
34 -12
34 -11
35 -11
36 -13
37 -14
38 -15
39 -17
41 -16
42 -15
40 -14
41 -13
41 -12
43 -13
43 -11
44 -11
47 -10
48 -9
48 -7
47 -7
45 -7
44 -6
45 -6
44 -5
43 -3
44 -3
46 -4
47 -2
49 -1
51 -2
50 -3
50 -4
48 -5
49 -5
50 -6
55 -5
54 -3
53 -2
54 0
56 0
58 -1
58 -2
57 -3
58 -3
59 -3
60 -2
59 -1
60 0
61 2
60 3
60 5
59 5
59 6
56 6
55 7
54 6
55 5
54 4
53 3
51 3
50 3
49 4
48 3
49 1
48 2
47 3
47 4
48 5
47 6
46 6
46 8
47 9
48 9
47 10
48 11
48 13
48 15
45 16
45 15
43 16
43 18
44 21
43 21
41 20
39 20
39 21
39 22
38 21
36 21
36 24
36 25
37 26
38 26
39 27
41 28
41 27
41 26
42 24
43 26
45 26
46 24
47 24
47 21
49 20
49 18
50 18
51 19
51 21
51 22
51 24
50 24
49 24
49 25
49 26
49 27
48 28
47 28
45 28
44 30
43 31
41 32
40 32
38 33
38 35
37 33
38 32
37 31
38 31
39 30
38 29
38 28
38 27
36 28
35 30
36 31
35 32
32 32
32 31
31 30
30 30
29 28
29 27
30 27
31 28
33 28
33 24
34 23
33 21
33 20
33 18
34 18
35 18
34 17
33 15
34 12
35 11
34 11
33 10
32 11
31 12
30 12
30 15
28 16
29 18
30 18
29 19
27 20
29 20
31 21
31 22
30 24
29 23
27 22
26 23
25 23
25 25
27 25
28 26
27 27
27 28
26 27
25 28
24 27
23 26
24 25
23 24
21 25
21 24
20 22
19 20
18 20
18 21
17 23
15 23
14 24
16 25
18 26
17 28
17 29
17 31
18 32
19 33
19 34
18 34
16 34
16 35
15 36
16 36
18 35
19 36
18 36
19 37
18 38
17 39
16 40
16 39
17 40
18 40
19 39
20 39
20 38
20 37
22 36
22 35
23 34
21 32
23 31
25 30
27 30
27 31
29 33
27 34
28 35
27 38
25 38
24 39
25 39
26 40
27 40
33 40
33 38
31 37
33 36
35 37
36 37
38 38
39 38
38 39
39 39
40 38
41 38
43 37
43 35
43 34
44 35
45 36
45 38
46 38
48 39
49 38
49 36
50 36
52 35
51 31
49 33
48 32
48 33
47 34
45 32
46 31
48 30
49 28
51 27
54 28
55 29
58 29
58 30
57 33
57 34
59 33
61 33
62 35
60 36
60 37
62 37
63 36
64 36
65 36
66 36
67 34
64 30
66 30
66 29
66 28
66 26
65 25
65 23
67 22
67 19
65 19
65 16
64 15
65 14
65 15
64 16
63 15
62 16
60 16
62 18
63 20
62 21
59 20
60 21
61 23
61 24
63 25
64 26
64 27
62 27
60 26
59 25
57 26
57 25
56 26
55 26
55 25
54 23
55 22
56 22
54 21
54 20
55 17
56 17
56 15
54 15
53 15
51 15
52 13
51 13
52 12
51 10
52 10
53 9
55 9
55 11
54 12
56 13
58 14
60 12
60 10
60 9
63 9
65 11
67 10
68 8
67 7
66 6
64 7
63 6
62 5
63 3
62 1
63 -1
63 -3
62 -4
63 -5
62 -6
63 -7
64 -7
65 -7
66 -7
67 -8
68 -7
67 -6
68 -6
69 -7
70 -6
71 -4
70 -3
67 -4
66 -4
66 -2
66 -1
66 1
66 2
66 3
65 4
68 4
69 5
71 5
71 6
70 8
71 10
72 10
72 8
73 8
74 8
74 9
74 10
74 13
73 14
72 13
71 12
70 13
69 13
67 14
68 15
67 16
68 16
70 17
71 16
75 18
76 17
78 15
79 15
78 13
77 12
76 11
77 11
76 9
76 8
75 7
74 6
73 6
72 4
71 3
70 3
69 1
70 1
71 1
72 0
74 1
74 0
72 -1
73 -2
73 -3
73 -6
75 -7
76 -7
77 -6
77 -5
77 -4
76 -3
78 -4
79 -5
79 -4
80 -3
81 -5
82 -4
82 -3
82 -2
81 -1
82 0
81 0
79 1
78 0
77 1
77 3
78 6
80 6
80 7
81 6
82 6
83 7
86 7
87 7
89 6
90 6
91 5
93 4
95 5
95 4
95 2
96 1
97 1
96 0
96 -1
94 -1
92 -1
92 0
91 2
90 3
89 3
87 2
86 2
84 3
82 3
81 3
82 2
83 1
85 1
85 0
85 -1
86 -1
85 -2
84 -2
84 -3
85 -5
86 -5
86 -6
87 -7
88 -9
89 -6
88 -5
89 -2
92 -3
93 -4
92 -5
93 -7
91 -8
90 -10
90 -11
89 -11
90 -12
92 -13
91 -14
92 -15
93 -16
94 -15
94 -14
95 -15
96 -14
96 -16
97 -15
98 -16
98 -18
99 -18
100 -17
100 -14
99 -13
99 -12
100 -11
99 -8
97 -9
97 -10
95 -11
94 -11
93 -9
94 -9
95 -8
96 -8
97 -8
97 -6
98 -4
99 -5
100 -4
99 -4
100 -2
100 2
100 5
99 5
98 6
100 7
100 8
99 9
97 9
96 9
95 8
94 9
93 9
92 11
92 12
91 12
91 14
89 14
89 13
88 12
89 11
88 10
88 9
87 10
86 9
86 10
85 11
86 12
82 13
84 15
85 15
87 16
86 18
87 19
87 21
85 21
85 19
84 18
83 17
83 18
82 19
82 20
80 19
79 18
78 18
77 20
78 20
78 21
80 21
81 22
82 22
81 24
82 24
83 26
82 27
80 27
78 26
77 26
78 25
77 24
76 25
74 24
75 22
73 21
72 24
71 22
70 21
69 23
70 23
69 24
70 25
69 26
71 27
70 28
70 30
72 29
73 29
73 30
74 31
73 31
72 31
72 33
72 35
72 36
70 36
69 36
68 37
68 38
69 39
70 38
70 39
71 40
72 40
73 40
76 37
75 37
76 34
77 32
76 30
75 30
76 29
77 28
77 29
78 30
79 30
79 29
82 30
80 32
82 34
84 34
85 33
85 31
85 29
86 29
87 28
86 27
85 26
86 25
87 24
86 23
88 24
90 25
90 27
91 27
95 29
95 28
94 27
94 26
94 25
95 24
95 23
95 21
94 20
93 19
92 20
92 22
89 21
89 20
88 19
89 19
90 18
90 17
91 18
92 17
93 17
92 15
93 14
94 12
95 11
96 11
97 12
98 13
98 12
99 11
100 12
100 13
100 16
98 20
97 20
98 21
97 22
98 23
100 21
100 22
99 23
98 24
99 25
98 26
96 27
97 28
97 29
98 29
99 28
100 30
99 31
100 33
100 34
100 35
99 35
98 35
98 36
99 36
99 39
99 41
98 42
98 43
100 43
100 45
99 46
99 48
97 47
97 46
96 45
96 44
95 43
93 42
92 42
92 43
91 42
90 41
91 41
92 40
93 40
93 38
93 37
94 38
95 39
96 39
96 38
96 37
96 36
96 34
94 34
94 35
93 36
92 35
92 34
93 33
93 31
91 32
90 33
89 32
88 34
87 35
90 36
91 37
90 38
90 39
89 40
88 38
87 40
87 41
85 40
86 39
85 38
84 38
83 37
82 39
81 40
80 39
79 38
80 36
79 37
78 37
78 38
78 40
79 41
81 42
81 43
82 42
83 43
84 42
85 44
86 44
86 45
85 46
83 47
82 47
81 48
82 49
81 49
80 49
80 48
81 47
82 46
83 45
82 45
81 46
81 45
79 44
78 44
77 44
75 43
74 43
73 44
73 45
73 47
75 46
75 48
77 50
74 52
74 53
73 54
74 55
73 56
72 55
71 54
71 53
68 52
68 53
67 54
67 55
66 56
66 55
65 54
64 54
61 56
61 55
59 54
58 53
58 54
59 55
58 56
57 57
56 58
55 57
55 58
55 59
54 59
53 58
51 58
51 57
51 56
53 56
54 56
56 55
55 54
54 53
55 52
56 52
56 51
55 50
54 50
53 50
52 51
52 52
51 54
50 54
49 54
48 53
49 52
49 51
50 50
49 49
51 49
52 49
53 49
52 47
51 48
50 47
49 46
50 45
51 45
53 45
54 47
58 49
60 51
62 50
63 51
65 52
65 50
66 48
67 48
68 49
69 46
70 46
71 44
71 43
70 44
69 44
67 45
67 44
67 43
66 44
64 45
64 44
63 43
64 43
65 43
66 41
66 40
64 41
63 40
62 40
60 39
61 41
62 42
62 43
61 42
59 42
60 43
59 44
57 45
56 45
56 42
57 38
55 36
53 38
52 39
50 40
50 41
50 43
48 42
47 41
45 41
42 41
39 43
36 45
36 48
35 50
34 50
34 51
35 53
36 52
36 51
39 52
39 50
39 48
40 47
41 48
42 49
41 49
42 48
42 47
42 46
43 46
46 45
47 47
46 47
45 47
46 48
47 49
45 51
44 51
43 51
43 52
43 53
43 55
44 56
45 55
43 56
43 57
43 58
43 60
44 59
45 59
45 58
46 57
47 57
48 56
49 57
48 57
47 58
48 59
49 60
51 60
52 62
51 62
48 63
47 63
45 64
44 66
45 67
44 68
44 69
45 69
48 69
50 68
52 66
55 67
55 66
56 64
57 65
58 64
57 62
58 62
59 59
62 60
64 58
66 57
67 58
66 58
67 59
69 58
70 57
70 56
69 57
70 58
71 57
73 58
74 58
73 59
75 60
76 58
79 56
79 55
77 54
78 52
79 52
80 53
82 52
82 51
83 52
84 52
84 53
83 55
83 56
82 57
81 57
80 58
81 59
80 60
80 62
80 63
83 62
83 61
83 60
84 61
85 61
86 61
85 59
86 57
86 56
87 55
87 53
86 53
86 52
87 51
88 51
89 51
90 51
89 49
86 50
86 49
86 48
88 46
89 46
91 46
93 47
94 47
95 49
96 50
95 51
93 51
94 51
99 52
99 53
100 54
95 58
94 56
94 55
93 55
92 56
91 56
88 59
89 60
90 64
89 65
91 66
92 65
92 64
91 64
91 63
93 62
94 63
95 63
95 61
96 60
97 59
98 60
100 61
98 62
97 65
96 66
96 68
97 68
96 69
95 70
97 71
98 70
100 68
100 70
99 72
100 73
99 74
97 75
95 74
95 72
93 72
92 73
92 74
91 74
90 73
91 72
92 70
91 71
90 70
90 69
89 70
88 69
89 67
88 67
85 68
84 66
85 65
84 65
81 66
78 67
78 65
77 65
76 64
74 64
74 63
72 62
73 64
72 65
70 64
69 64
68 62
65 62
64 63
62 62
61 62
60 63
61 63
62 65
59 66
60 67
59 68
59 69
59 70
58 71
57 71
56 71
55 72
54 71
53 70
53 72
51 73
51 75
50 76
51 76
54 78
54 75
54 74
56 74
57 75
58 74
59 75
58 75
57 77
60 78
61 80
61 81
61 82
63 81
63 78
62 77
61 76
63 75
61 74
61 72
61 70
62 70
63 72
64 73
65 72
66 71
67 70
66 70
64 69
63 68
65 68
66 68
66 67
66 66
67 65
69 65
69 66
68 67
68 68
69 69
69 70
69 71
69 72
71 74
69 74
68 74
67 76
68 75
69 76
69 78
70 78
71 78
70 81
71 83
72 85
73 86
73 87
74 86
73 84
73 82
74 81
75 81
75 80
74 79
76 79
77 79
78 80
80 80
83 78
83 77
82 75
79 74
78 74
79 75
78 77
76 76
76 77
74 77
73 75
73 74
73 73
73 71
72 71
71 71
72 70
73 69
73 68
74 68
75 67
75 69
74 70
75 71
77 70
79 70
81 72
82 72
84 72
85 72
86 72
87 73
86 75
89 76
90 77
92 78
93 79
94 81
94 80
96 79
97 77
99 77
99 78
100 79
98 80
99 82
100 82
99 85
97 84
97 85
95 84
93 85
95 87
94 88
95 89
97 90
97 89
100 89
100 90
99 91
96 92
95 92
93 91
93 93
94 94
96 95
98 95
99 94
100 95
100 96
100 98
99 98
100 99
99 100
98 100
96 100
96 98
96 97
94 99
94 100
92 100
92 99
91 98
91 96
89 94
88 95
87 96
88 97
88 99
88 100
85 99
85 98
86 97
86 96
84 96
83 96
84 94
83 94
82 93
83 93
84 93
85 93
85 92
84 90
84 89
85 90
86 90
87 89
86 88
87 87
88 88
88 89
90 88
89 87
88 85
90 84
88 83
89 82
89 81
91 80
90 79
87 78
86 78
86 79
85 81
85 83
85 84
85 85
84 85
84 84
84 83
82 83
81 82
80 83
78 82
78 84
77 85
76 84
75 84
76 85
77 86
76 88
78 88
79 87
80 86
81 87
79 88
78 90
78 91
77 91
76 93
77 93
77 94
78 95
79 96
80 94
81 95
81 96
81 97
82 99
82 100
80 99
79 98
79 99
78 100
74 99
75 96
74 92
72 92
70 93
71 94
72 95
73 95
73 96
72 97
69 96
70 98
68 99
67 99
66 99
64 100
64 99
65 98
66 97
65 96
65 95
66 94
64 94
62 95
60 94
59 95
60 97
61 98
61 99
58 100
56 100
55 100
56 98
58 98
58 97
57 96
57 95
56 93
55 92
54 93
53 95
52 94
51 94
52 95
52 98
52 99
51 99
50 98
48 98
44 98
43 98
41 98
40 98
39 94
38 93
39 92
40 93
41 94
42 94
43 94
44 95
46 94
45 92
47 92
47 93
48 94
47 94
48 93
49 93
50 91
50 90
51 91
52 90
54 90
54 91
58 90
59 92
60 92
61 91
62 91
65 92
66 92
67 92
66 91
69 90
69 89
68 88
68 87
67 86
67 87
65 88
65 89
64 89
64 88
64 87
65 86
66 84
63 83
63 84
62 84
62 85
62 86
60 87
58 87
59 85
58 85
57 85
56 84
58 82
58 81
54 82
53 83
53 84
54 85
53 85
53 86
51 85
50 84
52 82
51 80
49 79
49 80
47 81
46 79
46 76
46 75
46 74
44 73
45 72
45 71
44 72
42 72
42 70
41 68
39 70
38 69
37 69
35 71
35 69
36 68
35 67
34 67
33 67
32 69
29 70
29 72
28 73
26 72
25 74
27 76
29 77
29 78
30 78
31 79
31 78
31 77
32 76
31 74
30 74
31 73
31 72
32 73
32 74
33 73
34 73
34 74
35 73
36 73
37 72
38 71
37 71
38 72
39 73
40 72
41 74
40 75
40 76
41 75
42 76
42 77
43 79
42 80
41 79
39 78
38 76
36 77
34 77
34 79
36 80
35 80
34 82
35 83
37 82
39 81
40 81
41 82
43 82
42 84
42 85
44 85
45 84
45 83
46 84
47 85
48 87
47 87
45 88
44 88
43 89
42 90
40 89
40 88
38 89
37 88
38 87
36 86
34 85
34 86
34 87
33 87
32 86
31 85
30 84
31 84
32 83
32 82
29 81
26 80
25 78
24 78
22 77
22 78
21 79
20 79
19 79
17 77
17 75
20 75
21 73
23 73
23 72
24 71
26 70
27 69
26 68
25 69
24 69
24 68
23 67
24 67
25 66
26 65
27 66
26 66
27 67
29 66
31 66
32 66
32 64
30 62
30 61
32 59
34 58
34 60
34 62
35 62
35 63
36 64
37 64
38 64
39 64
39 66
41 65
42 64
43 64
42 62
41 61
39 61
38 58
40 57
41 57
40 56
39 56
38 55
37 55
36 55
35 56
34 56
33 55
32 57
31 56
30 57
29 56
29 55
27 56
26 56
26 55
26 54
27 51
28 52
29 52
30 49
31 49
30 48
30 46
27 46
27 44
25 43
24 42
23 44
24 45
24 46
26 48
24 49
24 50
23 49
22 48
21 48
21 47
20 46
19 45
21 44
21 43
19 43
17 42
16 43
15 42
16 42
15 43
14 42
11 41
10 42
9 44
7 45
7 44
7 42
4 42
3 41
3 40
4 40
4 38
6 37
5 35
7 36
7 37
6 38
6 39
7 40
7 39
8 39
9 37
10 35
12 35
13 32
14 30
13 28
12 28
13 27
13 26
13 25
12 24
11 24
10 26
9 27
8 26
8 28
10 30
9 31
8 31
9 32
9 33
8 33
5 32
4 32
3 33
3 34
2 35
1 36
1 35
1 34
1 33
1 32
-1 31
0 29
2 28
2 30
3 30
5 29
6 29
6 28
4 26
2 25
3 24
4 23
5 24
7 23
9 22
11 20
12 19
15 20
16 20
17 20
18 19
19 19
23 17
22 16
21 16
19 17
19 16
18 15
17 16
15 17
14 17
14 16
12 17
11 18
10 18
10 15
11 14
11 13
10 13
11 12
11 11
13 11
14 11
14 12
14 13
15 13
16 9
16 8
19 9
19 10
18 11
19 12
19 13
20 14
21 12
21 11
21 10
21 9
20 6
19 4
17 4
15 3
15 2
16 2
17 1
16 0
17 -1
17 -2
16 -3
14 -2
13 -2
14 -1
12 0
11 -1
11 -2
10 -1
10 -2
9 -1
8 0
6 1
4 0
5 -2
4 -2
2 -1
0 -1
