-201948 24520
39209 4896
-306028 79949
408504 -272070
-83972 14855
-398444 268790
-443583 -497179
-485532 -142286
-322538 -71669
-459576 -366928
-187996 11865
192151 368316
-496868 22979
279519 208599
-81633 453275
-17522 -141934
436589 289306
248044 -289169
50640 -485777
187261 373554
-452869 356156
132420 275552
-173113 393879
435231 27654
15206 -404595
460311 -292278
229339 323041
-377136 146169
189052 378595
448665 -68695
-205375 -487170
-208676 206733
379189 -409607
140238 -127933
77388 -28517
281072 -214828
-398671 281706
-70537 391692
472931 109109
-457370 -81988
-177928 283899
-390035 229046
137056 263437
106972 58665
302993 216175
92197 -142125
270657 190231
-233035 -1824
480965 196320
185337 390364
415860 133769
100486 56476
387114 -412915
460628 -425108
174021 394671
23389 -430396
-115453 -150408
345307 27911
-397282 224557
-420131 -246773
33940 483610
-337034 129455
49095 -460356
464241 243807
317391 -207149
333004 -202445
-498386 414092
284632 -285109
-77304 -20425
-123177 -392720
148409 71446
-427009 -174126
457653 -226741
168301 380008
-297665 440400
-180327 20911
-320090 116012
-337091 375942
64842 -412438
-455738 -7131
88788 369206
287882 373798
249448 -461048
-159794 16549
-203561 485371
-383464 -96413
290934 -181185
213814 -54064
-404860 182951
40479 -59227
-207971 -379162
231823 102973
458336 -85987
-213348 152079
423626 -221449
11424 131671
-387922 227333
-204488 327408
65276 -434866
-174868 -159614
-344811 -156200
361694 -339589
57619 -98675
-462462 334161
-370397 380404
-486656 492145
394559 -368166
259847 -242548
-170382 258207
-44290 -96422
468466 -235840
-284152 -480524
47970 20551
419756 474845
376644 -327801
-215324 186660
433226 -94773
352761 74626
-192802 494946
-200720 400722
-350712 44012
-245612 -103238
130435 -341752
193412 -148320
-166541 -130429
213386 -480367
133682 321533
14248 -1297
380230 -192972
-478067 353592
-322338 488399
433421 -231173
-84762 -118940
71363 415006
-177932 495167
262670 -278666
-327674 62625
402450 -403640
-27699 -129017
116979 -352795
-111150 -410773
41235 -240085
-171386 175201
-152888 479239
287096 -278150
-269400 -193365
-363087 -24943
132832 30774
-35328 358114
-386782 213850
-499981 -112433
-291268 57913
449188 -235122
-408553 34132
-31621 95471
54473 -196214
65542 195489
-269486 -198290
128261 68794
-136323 472213
283500 76382
138825 458402
17011 -191199
35976 -104597
-468907 -447939
-154990 -470799
291908 226464
-361241 -389946
187680 212299
455227 -114555
-433660 -1661
392701 -353622
341228 172327
-367634 -403703
-238582 -187179
-388264 4165
391034 -379063
116165 171695
-259728 -292985
-415251 475087
-275823 246384
100970 -491921
-107639 -199129
419928 443595
25611 -491381
414558 -336820
-377424 -188233
6406 -172389
435269 -354122
417411 237807
-446171 -410409
251156 -54632
-495104 414233
297174 -110581
372842 449295
-472493 -308088
-122859 -225754
-49324 -452007
-94409 -425513
-415853 -312354
294349 -64780
192939 65169
313906 488298
458524 299809
319042 -179027
487664 -353216
-16610 116734
-152361 91417
424693 -412355
-11877 251352
-249404 -411263
435632 -416939
-235199 486368
385123 481962
117113 419307
296340 182568
261458 6483
300921 -64316
-189122 -20458
-323021 356832
250142 -85806
-294616 454703
-157225 99414
332000 -120753
-312127 -4286
-203770 28201
-49048 -411854
192047 -491649
-466329 51272
-217807 -184023
-77486 -363557
282051 -281765
-404505 368721
463297 1883
225792 -256200
-154431 496540
343055 -478359
271169 -238329
-360459 -174019
341035 -124067
209017 476040
-146021 76510
136219 300115
-40534 17663
-344426 -470075
327949 44170
497052 198457
-91735 -103008
467115 -42182
-231566 -203637
92580 -472751
-340894 28036
780 -314028
-245863 -40025
-299631 56731
264756 -109993
-65744 -366468
130586 21300
359505 -322801
-223835 1368
470215 -489504
37944 62641
494819 -158062
338663 89004
368525 45181
304693 -76939
-31190 361872
414168 -149262
125642 96452
-352893 -176978
364538 -292669
-329083 381280
-64328 -372247
110041 -109594
-433813 183780
-396523 -72264
67953 -11406
-439335 396842
174619 454155
261431 -412661
-148364 159897
285806 -343958
-206700 477038
-413288 89803
-368645 226882
-48551 80155
-491849 -381114
-272572 352024
237476 -9135
-62811 -22473
350737 -105458
-60745 253674
-219355 404088
389579 400500
186147 -242560
-406011 -460706
-106229 246635
-67906 273999
-46896 -417374
365367 10626
138656 -292048
366349 -129027
-159037 65880
-244445 -51132
-2865 -25955
-2683 -11355
-283417 333378
479870 -475125
-152438 45280
449427 -313508
-55403 -290880
-13158 -348467
180295 288309
-485736 442378
-42758 -449390
-412078 208038
354437 129880
353118 -305258
147346 413950
-343217 -154563
372877 123522
-260309 -206663
361267 -241025
-245047 161944
202131 320778
-2249 245730
-477919 -379058
-478224 -286349
-50026 -248146
-325753 -335539
-448732 412306
423970 -7761
-443963 379054
117760 -406317
-458920 417692
-6638 108040
-427234 -339240
62254 270039
202161 208676
325988 -468532
409811 -123342
-314457 365974
121551 29527
-355031 -408478
342991 -418926
321870 105183
-234062 478785
261379 -341120
-230018 -447904
-273251 -37476
-157298 175270
53961 -244842
-29528 -5813
108811 -394591
-393854 169999
-149959 133400
-223976 -355185
339028 134418
36081 -251935
-355977 -366163
-219496 -335593
-150121 -45904
-341435 -191063
380883 435921
-172079 476229
235992 -371911
356099 231149
-15008 367973
249340 175585
-165794 -422341
-99411 210641
-430956 -101823
-448998 174726
365913 -44313
384439 50055
213335 196108
-245375 -416886
416885 32900
373947 -481830
477975 150449
-108421 429502
-42127 -264230
16526 -427221
-344084 -233228
210631 414256
368657 495440
61019 -484838
-88210 -151123
-161596 -205203
-128078 -221347
-117001 122301
-428579 -279914
351899 -185782
-187405 171291
29613 -132561
128364 -199711
-357041 -377723
-255116 -140547
94277 185667
-85409 -267748
57416 -130029
483885 -25736
331607 -127630
-201962 375360
70079 332802
-450422 -258564
-403267 321875
-204355 -56132
257683 -131712
188296 309194
-488513 6270
-199829 267453
-208676 236255
450049 302642
-70322 314344
-234103 154689
-258410 -89728
-422630 -417944
-354028 68786
-203544 -118996
430253 482968
-41060 -38422
147586 -369772
491702 392206
112596 -60831
-326569 -318518
-489979 480826
-482390 346761
240961 346999
128718 -13902
377979 214221
-445249 -254236
154092 99400
458586 -222808
403013 -376932
452684 214191
-279656 343886
-386681 234075
221912 455310
375767 -456143
189216 -205187
-142125 -486075
-156942 -489989
-40765 -336378
-342493 120565
146747 -31456
-475012 397700
-383835 -181596
-336546 219143
-150281 -7649
397189 104460
-16903 325689
251800 231322
51860 -127046
175219 -57699
490805 -94088
474918 97844
-197498 -128567
39175 443716
180244 191314
486089 -284939
-407379 -440403
-458322 76164
151691 -188951
474324 -299493
-46404 -332078
484305 451379
-385458 -343117
-44107 -63930
441085 -118900
230457 373677
489154 220725
17958 -24974
267205 307629
343059 -165508
394303 -13895
-143591 118356
258988 -185837
-309623 124684
96599 254750
60963 12380
16065 -242192
188350 -427901
173777 470980
63368 -122510
24265 74626
280918 -77492
-117217 -102371
389248 -418800
283039 39273
-428667 369335
-456311 -116806
307140 284175
-426715 -104903
-71192 104887
-142284 -67582
-5360 -43289
66023 344314
-446309 72064
-168474 -144607
-39003 -72352
-64453 48433
354305 -200205
414717 250414
123337 -374877
131633 -52828
215667 382712
-319690 483016
-89358 389619
376474 -262633
-191437 -36710
69602 -483878
442341 11537
233203 360193
-65233 356607
255693 202628
-215006 -346476
390746 -227420
284546 147522
315282 484474
-424300 871
238099 -139470
39478 -320313
-131681 491706
12640 495552
-331334 142866
-261201 -293693
-390810 -204645
381185 -305325
245159 209038
-192676 -346701
-196802 332850
-428579 -323346
-398388 -242072
197997 18180
-498598 119423
-499042 -445107
275092 -212120
-341351 345554
372073 314125
362056 -198299
-183738 -252495
396131 -227907
-416935 315674
-96387 -67412
-85558 471046
-231917 237027
53129 -334364
-111646 -123650
-156270 -429327
274546 131196
-218498 -77308
412855 390695
476769 114422
-480408 186972
254895 426215
-135364 340110
-377843 -461840
-107945 177081
337200 106863
253157 131335
124622 287298
162116 162523
-280548 -308839
426258 -153380
-107888 398760
-400309 -421688
-139919 -433664
93525 446269
245336 86200
225721 177091
271508 422121
-225874 498526
-323731 -398497
396192 -44386
-368846 233565
-20076 64885
242963 158571
-170236 24439
9241 499793
347192 -177035
472223 -406305
-12615 491150
-336123 -271381
466652 -81727
-406070 208456
-337348 26603
237140 -172246
-260068 -173295
234247 -116777
253030 285481
-8662 154958
129355 -69211
382322 -327669
-256601 -427081
-139327 -226465
-480830 362539
-301373 -295928
-387972 119886
-86061 -352487
183514 -337375
437538 -474945
129774 -58624
-416919 -64856
228726 482843
-7864 401994
137489 334319
-48919 194706
297787 -444991
-470486 -481009
-427026 -219591
118275 -412067
-314664 -467561
-163463 -289930
382246 135119
495820 102335
121050 97024
-425474 -290227
425163 -108602
56390 449864
-191408 -437057
480895 -446319
403468 -22873
410996 -198588
-2839 78521
-326997 -266405
-256370 -87812
-328122 -201365
55276 184690
-127650 266203
-52196 -441869
178989 -490506
471164 486095
-20839 -95895
-443073 -149052
23113 217135
67703 176242
409501 452211
-128994 105456
231595 238544
156388 -236302
104834 -389417
434831 -242805
162405 -35141
432691 -186771
158343 410004
142054 -328388
130005 411140
117911 40230
336106 -226750
-288678 -416069
-355333 112676
-122203 367603
447017 -77485
-335446 417585
122801 -365839
390808 -357186
70776 -445736
205001 -107474
241108 38661
402681 -382692
-362634 184434
296143 -388768
-437100 -64219
-357671 274725
66955 -250042
-478041 343243
188229 -340922
15054 -457437
-270490 -117818
-69303 -202449
34355 478708
-399724 -263874
98570 -277608
-180742 441714
79441 103170
10774 406659
381962 194690
-234124 213107
257031 166193
63701 257177
-53285 -249822
37035 -262994
403759 338662
-327289 -410718
-369840 403309
61152 -346546
-292732 -146640
-452150 -173422
-377206 -428989
365781 175408
-102825 -151096
381967 -203075
392901 -125181
19363 -123144
10294 -325357
384679 254395
267033 -97208
-212461 335890
426986 198761
324994 98877
-376420 -292498
396299 393544
-423062 -282808
125128 -27462
280204 57780
51155 151953
386328 -36162
-143719 -366651
-339040 94967
129585 -358032
-1086 64463
149822 -358206
-311969 -481157
179733 -68137
-85568 -494586
63382 264632
-495377 248490
267425 -93011
308459 -312988
135630 -360212
493883 -245920
75755 -496483
-194290 437835
-176132 -391124
142200 402075
-439908 97817
-231522 -378742
72944 -321491
-321227 119525
75547 333957
358648 209176
-317854 -4363
-362127 125798
156722 450644
181304 146323
271141 -475777
80042 273865
477388 -318088
384212 64442
428985 -238970
383068 215968
-417838 -247100
-377110 201557
-250637 -186329
375862 37131
348322 -458343
-174938 -328584
159775 -469319
-286551 208498
335739 -73489
142335 -181757
-405599 -71393
408207 441254
87763 -392218
-147542 280806
-485138 -175368
18132 -245800
411718 422396
-25115 -47277
8210 -340623
379375 142460
-105031 -172928
123276 267742
361543 287681
-230759 240106
229802 158383
427326 296605
169969 109666
49562 -115341
-313402 102500
-366934 -218459
-263306 57944
393514 -332286
-184603 256757
278739 334557
-369719 -378132
-10624 327091
7425 -133934
378231 -433757
-71743 -376557
487751 265690
-321431 32789
-414550 -156088
-134160 497773
-191227 281829
-483875 -493867
-473918 -168655
121204 23917
10685 258097
358941 388885
110749 50444
-43773 387335
58038 -380613
-255385 138593
-161161 -414950
-308539 -271130
-178488 255028
371256 -28382
-435755 -329359
-49324 -257576
-495345 -240838
-489138 -474683
-317367 -456379
-464015 -300443
-150908 132736
-435988 -76681
474711 -144518
17265 -243404
-271375 143269
209505 387644
289340 -157196
83092 253671
462179 305100
442658 481913
239225 -133842
-257910 252175
165565 85197
396079 66017
250179 413751
-489279 -145322
24720 -366537
-37088 299025
-50170 -411376
-433692 345567
-161665 -185432
-333303 39222
-417553 -186296
-374379 -458028
379968 -398919
-260210 -370175
68457 180203
206219 305863
-428970 -155166
-357396 -311674
439681 423406
270893 -89991
301212 160983
196223 -237578
-328842 -420505
-122653 365232
-258275 26432
-383413 -132815
47060 238293
360623 -79113
399180 352302
31989 111982
-204087 -133271
441270 80735
-72509 293292
292320 -369038
487055 -366636
-170857 317359
-178433 467858
226512 121951
-341245 -253273
-239354 353314
309628 -1506
116544 68592
193504 133283
282453 -341195
-284082 262746
4841 -263310
495205 -204490
198682 -70599
-248018 443705
9375 138043
-202698 -460801
-76990 113203
495807 -349607
-188672 -395134
-307880 451364
-276397 -397925
374525 -78734
-480126 -188741
13233 82344
87743 438829
-478 -211697
218460 -339656
373394 -260394
-205451 94576
-253864 -142308
-332218 -252100
-276191 166857
128760 145491
429004 -194976
-279651 442726
-159458 255150
85114 437053
236352 -227118
233442 -393396
-252030 -56659
-287018 12743
339399 198944
203883 -432604
-13036 -22299
-264382 126115
397200 -327392
-113368 187548
438244 279103
499838 187811
15421 -125068
-364439 -108490
-105169 154785
166603 -208386
-473190 -340298
321152 133718
-1158 212248
68418 180507
-202362 -457071
322835 -257059
14519 -300033
305906 -403415
193799 -481974
413130 455247
41951 -234946
-125818 -88839
-345941 129898
-257441 -44805
-73494 -386210
-151684 262671
-170483 416712
184058 -161384
-442562 -374049
-313336 134192
-61745 -302894
-300468 314213
-69373 -315918
461998 -471025
-196184 428239
-83514 -36714
-40221 290520
426303 436966
430297 428674
-424233 201622
-451043 121753
360903 -8010
413534 -35723
-385038 489181
300393 -17175
-146781 64636
-220198 -290376
393567 89875
-236878 401665
308637 125581
193088 -301074
429991 -85848
460033 -497414
-162471 406471
81753 -425383
331519 481099
-215487 494199
-472576 -328664
-435888 111915
-308927 87404
106983 -481267
8461 -354710
170535 -412791
-223142 162644
491672 41306
-458121 -290725
-298014 17707
-457915 168204
481185 -348805
-27770 271089
-260414 320298
-285856 488434
-224505 205678
-367767 372363
-282337 -149570
-442232 -370684
129340 132005
178199 151241
414099 84098
-496522 105254
380184 -263945
-158691 106134
-450758 482080
496296 -155957
-53935 -172449
-114113 244510
350467 -80409
-413103 123164
409126 61052
138170 465129
-220084 349027
233230 -65506
465858 -338244
469380 209055
450286 -217026
-463613 180203
-373073 25944
368604 -243780
59678 34493
336633 -85773
176354 -17701
-80510 -316599
264579 -375406
495306 -13523
37065 376811
-486559 496880
-227331 -210916
46637 477193
-354780 84473
42751 457571
-94209 -71833
-161352 36345
324957 240825
-71500 158866
157600 300304
219803 -184521
77036 412552
-157660 -31683
-164715 172016
137749 375612
322362 -417106
-159010 186185
-70032 321897
377237 -213815
134442 179590
195293 -100284
193548 412418
373169 -337889
-212825 469569
381000 497869
473146 246825
275054 386272
-450351 93389
278437 -167676
-248274 -421002
208173 254395
-228698 68007
-328850 -206363
-378853 -332276
-143532 -52461
385364 -299514
283281 28569
-256361 -249121
460162 57820
-188867 352907
463326 -384152
94670 -193336
430080 200679
-307551 -343480
264725 307803
439310 -327506
176061 429514
452574 244618
263718 38751
94736 -332884
-185543 213755
464092 -216393
275328 67627
246945 -98542
204569 -2416
58797 -158437
198329 25076
157099 -230530
-355587 -97278
-312132 299033
-363934 152807
247316 -114369
100000 -171950
88417 -132079
115870 -499593
378702 -182580
-228431 -190736
-12516 -296015
-53215 -237813
-179141 -76865
401675 -381368
-351451 -100701
392293 -295835
-337204 -431606
-149011 490740
-258463 82457
-264417 -159698
51530 420206
-414593 67495
256709 349623
215293 44277
-213436 68229
492783 -292756
106740 -308574
-324007 -229424
445084 -317870
-14749 32916
235202 -419452
220531 -395062
152052 284718
359237 -270071
-370441 93635
-482834 104174
-242299 -193182
84618 193644
-30781 337344
220949 -56649
98724 -178006
-442945 459202
117769 -149675
418392 -391742
-356245 -459586
130462 -337224
-122839 -206333
-241322 275445
458567 -322815
266796 -183969
393209 333779
-448308 110596
497682 26716
-131793 -26324
259681 142105
-461271 30739
-4818 -35477
458986 -27402
141133 -487990
-211002 479180
162077 -335721
-491864 86833
-427080 157516
-26587 316179
-184499 -311449
-51591 -433067
499325 -410747
-360931 -111850
-72323 329002
-483427 81625
-490918 80873
-55260 11831
352022 373338
354343 361416
-362675 -132960
-138829 -319773
-112141 182490
387603 -395055
-481127 205972
386324 89996
-167285 -123554
-344565 -136032
393670 -398449
-93226 -161951
-295044 -47181
-61434 78028
314873 48902
-206209 337332
68170 -152814
380496 236661
120685 -235900
334953 -356127
-175698 315777
284031 52433
-145848 472255
65960 -83726
-46929 172760
304884 197489
449080 -194712
479866 -367733
-273072 425891
-219848 -66721
-47052 -118786
231581 19161
-494853 -135960
-269616 307204
-20818 15669
73274 375608
480332 -301585
251848 497395
-421630 410364
222046 -7444
-453281 -94321
101216 63387
-432683 -227795
270447 400498
162147 427801
-210202 -81375
387518 104133
312361 68770
471102 459658
-475359 92391
462067 397766
486062 -211875
-411635 136939
-74587 494556
122729 24003
-49613 159379
-238900 193438
282588 -32998
187774 -304135
487100 -326520
-493586 467090
96891 249552
-414184 -265742
-166750 444502
-53328 -230355
221624 -59217
-183626 -22065
-442587 305142
-82087 6825
-73228 -174415
-89029 -164608
141067 -334640
147196 28350
-49364 -341997
-391011 -268410
-189272 -450925
-182521 -322651
143042 434064
-268818 -446413
88382 188457
-46963 -147467
-57268 -303059
-220460 190546
277242 52347
388309 112310
-495834 497142
-234629 -498299
-278163 -461912
45938 -324712
299424 -199477
493093 -210459
-51427 -311616
-372031 105747
-400376 149137
476179 498998
12517 -448005
-70436 21884
384301 207319
128076 -73957
-236669 105044
193454 -131604
404790 421394
339990 -11125
42812 80508
-138947 163332
422007 236978
-215397 -237221
256369 -491062
-269183 -240494
-117789 -275855
-81300 271756
-56889 422981
126340 14673
-303022 -275578
-381741 395101
85518 62030
265103 -242646
215558 -114916
467752 -377524
339986 57970
42152 316530
-357668 10669
-299023 -320130
-82448 -62970
-283272 -462941
40498 115333
-5181 -236213
-194823 -397351
378741 -70032
-28800 3081
-423300 -436499
369221 281496
-118454 370843
143020 -274117
179402 474811
-142695 -204158
-21341 108665
327954 417196
-433785 421525
94207 245019
468776 110622
210376 -86180
-446535 118904
-416986 94611
187833 -207778
467859 -317620
225293 -61098
407266 -235670
-84350 415471
56184 -327360
407057 343781
86403 240530
366901 412983
225021 -200298
33545 -497883
346589 -20424
-443010 -416777
-255470 -483299
-107896 -146454
-34030 -110632
-22725 222649
318959 -213320
139134 -206149
75484 316739
6601 366821
-466706 87366
-199193 -72218
-357096 -411388
188282 443417
-421564 -453789
-4316 85846
343614 -461241
102290 320951
-264512 234840
421764 343949
271512 18293
429519 161005
19364 -69115
49506 95982
221176 -79793
173642 154133
178643 104500
-30078 -198494
-239015 361020
480748 -332190
-152530 -122102
242078 -248865
78405 356310
476322 -195203
341338 417617
-211110 200121
-429474 -190256
189992 107864
-409890 -260210
-258859 -58992
337216 426197
463326 476820
-349300 -65409
-36963 -478429
3353 376326
-265619 -129783
-117374 378896
-382576 158150
-429605 -365066
450839 -409892
219738 136058
-67647 -44360
222679 132440
348122 322900
204838 116419
-488507 -211574
211592 125947
251842 -247376
336938 441969
-103131 -406869
-28033 -190785
362395 -467402
133176 165620
-63065 -222989
-7077 382231
-315827 365404
-149244 406113
-323157 15175
-134135 130145
185499 151499
14460 276450
496420 211053
-111882 -174632
96353 -138273
96322 292417
405910 -308279
-160682 258027
-168899 63172
297658 279157
-444312 -482990
366934 -136424
10468 36882
-270083 203431
79585 -343560
41029 -160601
-206054 -351082
257941 -65680
380798 114371
-15816 308556
-114606 -218572
-142121 -127490
423775 351358
-225455 499465
258587 378129
193266 440007
-439842 261700
353616 145034
-79346 -218654
352186 143658
244346 -20523
-142603 296615
-265152 95158
-289006 100143
-180603 24035
-71001 305375
451258 -433554
319278 83976
331835 383088
-496903 -83638
119003 456807
-428470 -20156
175535 -369260
-182365 407747
-84150 -284253
157105 289953
-177551 430019
258404 -293568
-151161 89804
-235830 83468
87070 -251172
262123 -190738
239737 -19728
295263 -484702
-164314 488830
471838 -196187
387193 14656
467958 373172
-364516 -64551
-482391 421174
-353377 -55147
421358 -107979
294214 42755
-356105 -55246
489336 498577
417810 -187015
4377 178487
-247607 458968
341160 201262
-448979 -381670
-156070 291437
464347 453442
-72085 -213250
297640 -423203
325954 199174
423508 224751
202293 357201
20068 262063
386589 81561
-293354 -440176
-235597 465654
489472 294317
237722 188025
340597 -410698
20659 282614
281 277629
-204511 -295439
127935 -415284
140622 160548
217324 -134957
-127275 -416202
-125522 119610
-23026 87127
259706 -284337
-104717 -83027
-478820 -228280
342568 203303
-463040 -381046
-467995 -343465
58252 461604
426684 61017
441577 351527
35539 -419182
-276695 -198644
-187707 111284
178872 429813
275124 -224221
274309 369357
145431 18165
-239899 370595
-243586 447593
-207827 -166462
483505 -273378
-140898 -160527
288640 -126719
-81482 -321273
-38790 -182051
9697 -42106
384910 35228
-76917 311468
-430168 294698
-15953 386313
-55599 205051
-138682 306122
-172232 306249
92471 -444570
-243289 179019
314143 177873
-262560 -187909
-383647 411886
113014 -145583
-479239 -444552
491064 138431
-178982 455254
333051 -255628
146552 305074
143164 60958
-464603 -439436
-57031 -94478
-241222 156536
258201 -20759
225310 -324099
480412 223787
102813 126281
-331291 406852
-302538 173779
-198140 189932
-457388 -84864
-279871 -302201
-117051 -145397
-385762 464226
255470 -411166
-64397 420482
-320307 -64229
-221758 -63442
210109 138079
-11751 -425303
-58623 388114
388507 105332
403813 3078
-122495 217478
-441769 -226592
359948 -361807
-123702 225135
-450314 -345368
392760 494948
-252479 172480
333830 46771
400257 68375
-57837 195108
-271509 -356375
64035 -312722
309201 477149
442136 -24491
474508 53593
483546 -59314
-49726 -16600
-83569 453259
234171 -323547
148205 80907
181328 154125
-472864 -380445
-463785 -168319
-387728 163037
-101211 260134
-497039 381531
-442514 -121756
-400564 358683
-15904 111241
462208 191615
43050 282306
94018 30342
306088 100383
100001 37872
64240 70159
-380634 363573
-462678 -186416
-483343 17702
91292 230359
68704 -295282
-463538 142285
290162 175637
261377 297814
-106760 -288420
315587 140979
325605 -172413
-14489 -38483
-361998 -37690
410822 -232628
278154 -185246
167721 137932
122373 -217788
-419477 36951
336904 -211051
195019 368820
7784 -113417
-32633 -359759
-290560 -495083
450679 487698
312958 -361742
341584 301811
-210552 -177798
-25886 -125388
-459292 142150
388063 107442
6669 -435538
416150 41317
-401356 467281
390164 163056
475198 -448272
257650 276005
-120353 -71675
198471 -79007
99665 -246957
-316819 311253
-141094 -41666
51161 469708
132060 370206
453690 -400435
-56607 -69090
-348656 256051
-95119 -378125
-63066 -87886
-491240 136731
468164 357768
193426 104861
40058 -421176
-254685 19615
-57045 -85742
-343429 -369840
-392234 357066
317172 187780
-255168 -272430
405007 -484295
-230674 220187
-364905 165489
-40554 -126174
-433929 38653
-330691 -354219
96157 100656
428985 -448344
-191885 -347135
165763 117575
279203 102257
160380 -470140
278859 192942
227772 -497691
21428 34658
309360 401551
-60373 -80338
-132831 -309395
-287931 101642
407505 -64756
89571 278866
289897 214903
-199573 -166981
466017 -343571
-369092 124549
-156517 -25844
469019 13350
-379882 353039
87070 -231597
404552 -94289
334962 208969
32274 311236
98994 447748
-103744 -377478
-71842 -185659
-169423 306133
329515 294773
-399613 473159
498607 426938
387899 456815
240174 294544
278403 307869
-24685 -301990
-431744 -470697
-287153 -333391
-378970 400630
-322338 -20825
-488442 -443680
225501 -487738
207222 -230048
-7046 -490853
-457344 -450831
-444824 78531
-142172 -415186
-51203 -417580
-421030 304664
-140285 -316715
79856 407472
334300 -142981
-18096 -368399
319927 -140468
-359251 189743
-481621 70989
494332 190657
100511 320897
-45488 390984
7627 98275
-192855 -444582
-413154 98087
-432225 90998
-410774 -322850
-367394 293192
34866 287725
-184435 -276982
231114 105505
163409 -87949
-215903 -389474
157024 -96822
-201147 126136
-130122 327919
-255095 -383670
-153935 -337805
190005 470218
129914 373575
-358049 152303
-220344 -308519
-456630 471667
-156343 -102731
-297627 -163245
436491 116736
-242406 368186
263226 -226110
-146595 312106
440968 -156729
223182 374914
-161910 190912
-225551 56403
-417468 364740
-159991 2846
277266 384246
-293356 189397
379767 419534
-109726 120605
422663 220015
67326 295187
190881 -123026
-415404 204789
-2615 171701
-208651 -358850
-187289 -324787
325034 301115
78187 259227
-305637 -324594
-467994 -54889
-283316 321305
-103191 -406198
-64453 -442796
332617 -53140
184538 -349949
-227889 25292
-404248 472389
471483 398764
461352 -346620
380694 -313239
182379 -115940
407828 256053
-125737 -246217
-362271 -1053
-20742 332066
-143206 -119710
381005 471799
-336268 -467125
-355233 -177947
-202201 -174019
-438487 134468
232656 2235
-412806 429158
-380642 461547
143008 178650
274076 310772
-6254 479988
-352895 -23599
-382641 376693
-383544 -111932
375168 202607
460102 -195951
185500 440797
-478458 -30326
447743 -209287
127409 -13305
-292303 -401859
-132392 -202745
421565 -84781
302042 -20671
417026 287335
126990 -323523
-295755 -406559
282778 465713
220986 -69261
338318 447634
-15366 199726
-238394 -85462
-104746 38022
-191941 211323
-457222 67808
256066 255800
-347272 -413916
128579 -405571
155494 -17168
-294042 148242
-23940 -639
-101668 18337
354218 -282889
-208824 52100
413507 4638
486346 -192312
-420242 268656
419839 -329913
-265221 -103117
249359 -225442
-258172 288211
230582 -323726
319266 153035
-335509 -208407
33746 29272
298210 245235
-176383 -268624
275157 237681
433220 490993
-94328 -462059
482455 -333636
-364184 -460245
-402407 -305170
372170 86841
101592 369514
24497 78017
336647 -133335
478078 319238
-47934 -367904
52805 -190574
179319 -331621
-293494 112271
288255 349755
368381 163803
333329 92069
148977 -80054
265324 -392299
424292 -344560
-287553 217309
49773 50717
159073 -217970
135092 -215096
-21047 -335447
-241030 -439745
380594 123866
325789 315088
362793 -472813
163323 -257505
-257066 102984
314483 121572
-137586 -154490
230378 -410990
6508 -380178
-40371 -315637
249266 -59878
381192 -490543
-267132 350097
-152880 -221575
348097 161084
325028 -406668
478801 -3922
265410 40000
198301 158577
456309 374715
83809 234718
-212103 -488145
256089 -42121
-292726 -88896
-438996 -1708
-387704 -58318
-299161 143814
249625 189266
49406 -473396
-71815 204361
479609 -138097
223445 12017
335770 321043
-256527 172424
-362889 -480569
181980 -382214
440251 24342
71667 304390
-58090 -59353
424871 -67997
-59986 -142477
261625 281809
323891 222141
-392478 -42372
172553 -90043
62373 171930
-43592 43929
149747 -48228
284768 118518
466302 -84887
-148506 -223465
431323 -333640
28936 135212
-331318 -127568
-210308 38949
477754 371914
375324 -381569
369610 -81702
-330070 -143062
-70101 -494265
29604 142817
-91079 -406318
467021 37960
-325798 313853
-187044 422312
82751 473454
354599 339843
159070 116380
-441509 236984
363996 -151168
10389 -17142
276397 439502
-325142 -143427
70413 174698
-138898 -317301
180014 211297
-30215 148459
-263857 112507
482697 -133866
-69692 -22232
-61083 -239363
371412 -151722
-406775 251517
153547 96415
-14579 -223081
6734 87845
431228 381460
-352543 -331364
101522 177319
42901 124711
17501 -9943
-63311 -190674
-376289 482713
305164 234929
386085 -367862
-161574 -168021
-257505 349282
-216982 79682
413645 220091
-236235 -383711
87859 477557
-170500 499199
343793 -318370
190437 212186
-145591 -365043
108610 326259
-256385 -256627
351293 -463324
-140593 407854
-82912 117009
-44447 292000
356684 423930
-208737 -34008
476048 370392
240886 -202864
455114 -445914
252320 490304
-133086 90567
-132649 98882
-139230 -128226
-203353 43782
396669 -480580
-411302 -356983
98404 -182607
-202873 -335758
-458839 262575
154811 419749
485038 386032
-22671 399691
-236235 338974
-299053 463795
20748 399761
102502 -464972
276315 16831
280153 258752
268116 275357
-470225 476470
466549 197856
150550 120526
-58666 -470474
214293 -157252
-262075 -87672
378181 495772
-400426 -7972
5231 64933
142551 -185773
296621 -460726
-73647 392272
-141513 -343285
13696 -484137
-353810 225527
63767 193809
-436991 -258015
-339165 -309542
-172862 238332
416356 -236927
-499263 -432468
-286037 -153409
-276605 491022
119574 -304943
-161262 -197894
493751 -399618
123405 -459716
384630 -97494
-227895 348625
-191565 203989
113633 -296387
-233758 384216
73828 469299
-52988 -166692
222384 -193692
194727 -404895
-302315 452973
-383586 -352353
-94496 -411888
-139908 -136826
-281943 144708
302168 -469996
-50079 -297275
-160985 325488
-444271 -344352
-124334 315373
-298538 445197
-419724 -40238
-26388 166617
-386066 -207808
-126799 -433061
-18302 179049
56743 126980
444801 -353145
-459005 192609
-375546 198440
-4590 -480364
-268475 -204596
-41156 -259691
-434297 112241
-152716 311161
-167611 175705
-386254 -329054
-224923 469765
332390 243150
359280 37541
-450592 213654
-368633 349967
134400 -55475
-481971 455070
295029 -379181
-242060 -443786
-423124 -29847
41263 83709
363847 421720
-355023 -350885
-297725 -423706
78660 451423
-79213 -12365
455535 -217366
-420397 -17037
43895 453629
-361571 201040
13322 401488
489835 -375492
53298 459302
396758 191116
165405 -216315
267935 -242821
163615 209972
439792 -251024
-345102 -373971
164401 322386
335453 -75586
-91108 -65583
29229 291608
346303 258247
105454 -78577
74475 401656
-198450 -46342
-468246 -412441
430985 -388967
-416428 -40945
-408023 57520
140287 -483100
222061 -402314
-330292 43932
5036 -304339
-41856 -153614
-192929 491585
-336676 -121849
-212984 -305778
162554 88566
-440910 406079
-457646 440828
-356740 -226365
-292486 -231612
-194930 -366945
173948 -199727
434361 -118220
-452372 -27292
240004 -486806
-126287 -409306
-284813 -315344
-389935 201512
-184284 -51957
-460085 130195
-244716 -222622
-151098 332318
85112 305622
-115512 -31986
493240 -205399
-83109 151334
-182826 -223135
331396 372049
-170011 298432
-55566 -398499
-55808 174092
126865 134174
-239061 421731
-168926 -27755
-150223 344053
-188878 4960
-235950 -373088
351424 383313
429611 264108
-83916 117689
-17196 -211969
492570 183818
-164351 -113823
-496071 27428
444055 -75968
5348 196484
-375748 -265973
-225161 204152
-212735 457545
-1393 114953
-61229 477384
366911 -240114
-465724 419085
-26846 -390888
-145531 357583
-97266 -72219
118713 236086
-256029 414264
344558 472644
-259470 -239915
-193758 -6540
424901 -125805
267596 -450856
-401850 -325360
-120278 -433081
-36533 -147883
190220 475631
377392 19161
-25921 169836
-249639 104648
116705 -337876
214763 -403755
-225066 435474
-473401 255437
330746 -194414
-229407 132856
249561 -493136
344608 166369
375198 347549
486054 283009
-114596 -395066
363713 301892
427415 228663
373118 -255795
111638 -287264
-258186 22460
-110402 188515
134362 376002
347058 -80247
313439 -316950
316428 383248
48631 351025
-331799 -140547
-178245 -292127
344257 398805
366600 -435219
351643 -449055
169867 472120
418298 168209
323021 -455148
115796 -235115
-326349 -332890
-346976 482637
56321 -411366
149314 202056
-485602 37570
192254 -107083
-349161 102277
54389 -14161
-43302 291744
-320444 -29657
-266169 337341
-104329 122110
254671 -1628
373521 283371
25784 -472817
-398629 325938
49084 320192
421010 -333983
-336321 -474618
451034 -100460
269671 84104
324790 -95311
-365865 486440
-41195 -408723
184432 -26078
-82383 -79710
-304028 22027
-121142 -245328
429023 241971
-385109 -476315
90185 -396340
-109151 249808
34647 158236
-334207 414692
-287758 227183
25094 119223
-373391 -462441
486775 -127785
-388985 149481
-309744 -438451
-136330 411506
-248336 52745
486484 -229488
138613 -186701
81550 463442
202018 -17073
33149 279274
319254 -172579
170221 -422604
10152 -309303
96307 458772
49399 -497493
403038 456787
-347058 417197
-472078 487352
-485583 -478961
-37260 239373
-203721 -326507
-469741 283648
479832 -221322
-337513 -232425
316536 -630
354818 -450158
-457669 93739
-351760 494268
-213258 -310048
242905 57728
66243 461601
491599 250199
-3910 -96673
-295116 -292910
115096 318728
-154146 -437946
468883 -316636
39785 242550
-135742 -153048
264022 342749
-493709 -479667
-28532 -340569
-211593 -152775
-196141 -263196
-64444 302656
-297264 73257
-105374 -403326
449044 -106851
-389117 299175
-484409 21106
92597 375357
-42004 -114445
43497 -414419
-25506 325515
232990 -239915
-137697 -239509
-368558 368496
-276067 412420
223475 60727
40482 -114549
357626 -183145
-190581 132744
-148644 -143578
-242437 311855
-17712 257457
429394 453242
320211 33527
-280800 417038
386756 -340687
441624 -51825
-147529 -147224
81639 85851
372668 369391
-209704 -205899
387101 163266
303612 9701
-37278 219527
410460 -169244
419210 205604
-243115 -145756
367660 -128354
-339719 61569
259351 -196722
-355689 364384
138237 173818
396138 -145932
76529 -179926
149790 -454231
-202049 -18602
172815 -155552
-113918 17781
398286 354576
478831 196623
351549 157916
17817 225880
-302785 -440346
-188959 5269
-77250 -13141
432514 -170304
177855 -127137
-76734 -451052
64994 21464
420553 456956
-473025 -387870
-397411 61726
329493 96653
-238503 148033
231211 -171646
435904 -155028
151293 -394438
-8213 -311472
267074 387061
-223917 64095
223417 161613
-301119 268499
235111 -190923
191478 314038
-47390 111660
343702 236999
48905 498707
199087 -336315
358211 18162
-219493 -27439
-89513 463944
-184607 -129474
230697 -256180
32845 -436333
207396 -356264
-479067 383925
104368 18444
10854 102722
199663 273791
445771 3827
-22163 399424
492263 139143
-126042 458561
254322 -79586
323845 -248197
-112941 456574
-491253 455353
-234408 209121
-195178 282128
318840 -139629
7091 459323
13115 -288599
-201127 -405972
330928 408856
339280 -440240
200249 262900
-268499 -256118
-484174 460677
268405 -32722
-891 -236721
83804 145773
265465 -346068
-402424 379790
-27368 452944
398216 -492303
-138795 -212450
-98922 62208
266691 115639
-179010 -233019
468078 -121423
352834 5721
261101 170861
322792 -338229
416726 407726
269921 485235
470445 406577
-79697 483887
194393 177952
357064 -404756
-33537 -222255
-417833 483270
307775 471593
-229163 295466
468211 387829
304087 -238553
439620 -307833
-376617 -251537
435803 -491690
386555 84725
112391 114403
62375 491484
258667 333892
-167759 -49999
-85337 213090
-101806 76905
-476863 -73878
-105959 205199
-491734 -383185
492426 305917
-488703 -53307
-283662 167536
479300 -194203
-62364 -57648
351871 -481815
-499826 150229
98950 -70372
35949 237334
116249 -254512
-386826 373155
460965 296592
20116 366480
105534 386818
411339 421244
497619 409307
-318324 -212260
-157292 228172
-93807 51484
-323461 -251780
302127 -417472
-235171 491397
-414592 144371
8090 -221754
-145631 473878
-274957 130943
-158427 -237305
395771 -58417
-478211 -90788
337886 -339640
73623 456468
89454 499592
479353 357774
-415980 -117282
454328 402448
-348998 483534
-151216 -236234
-2151 341720
-382433 -382240
27002 372001
-290565 396081
-7865 -223223
-388124 -379920
-363399 195088
129354 -472506
19412 306816
-11827 1372
91204 345080
-199179 456453
18702 223813
430640 -53875
-2035 -421682
-214634 257942
-313601 -298267
40835 -209357
-408234 -209090
371868 -275714
292559 479101
425585 157432
-12202 -220806
46089 264744
-339161 -397749
-62539 -474805
-14944 331358
-338761 -434572
-405147 -215278
-161836 -87441
-294948 266327
-228236 -227109
498561 426913
430684 16558
438094 -157347
-356991 350985
486388 193820
-371887 -378542
340890 -159325
443898 400482
238546 -265519
371842 -479098
-409613 98512
-66831 190274
-63448 344016
317009 28547
-403344 -391830
14659 106419
316999 -129501
-150507 124830
-72934 -243698
-179133 -279211
297969 393827
-346108 181049
-412388 -260154
28195 365842
-409828 252899
87207 433790
408169 -474434
419711 343445
-192215 -7667
394008 461483
-7551 -162328
343612 495303
404914 367936
-318794 -270622
-125935 13618
32331 357750
356901 97910
-309931 -120424
-87885 -324105
-215863 -22677
304144 158726
303841 -416590
-99614 252213
424802 7284
168710 290909
-417790 263205
-350328 419580
408942 436563
-119005 111276
66772 449622
-17116 179853
308268 -243839
-83238 -325200
235114 466394
405073 88425
-160869 -127612
-129617 -266637
-414680 250416
-292761 -28488
-38780 -230844
491671 370906
-79690 -473592
357430 -265811
14091 116360
-398517 431780
-291784 -310717
-299424 -43268
91769 -66215
-397866 422111
-94728 315513
381457 455963
316493 -183310
173452 495301
-305551 -58120
321264 132141
194739 -11140
92566 -58896
-8662 -149314
485848 361899
-220260 -123092
-43189 258270
35425 -164120
278868 421183
-471231 138218
-164832 -414631
-287360 -20044
-243255 -125973
290744 497372
100143 387836
-161717 69972
134698 168448
279842 342282
441235 -307941
-75342 283232
105627 -49323
346494 33153
92211 138617
-2765 -456959
-255993 93724
-387944 395047
-106450 496936
-426729 -477296
134606 391215
430508 481952
300351 -52377
-14894 -451232
220258 -280814
-34474 416673
283254 -67424
295980 -48018
-482228 5394
-40504 -169634
-45049 -40068
196999 95887
478174 -268520
139461 488138
492129 292788
-29245 -69551
96053 265259
215480 27426
338205 -494751
-284653 129720
-479661 4763
-22940 475989
244071 223793
-79613 367077
-312252 176692
-103056 414898
11557 -237446
389645 466063
-88121 356421
280112 460096
-252035 -263171
134158 -45050
30532 -176804
283866 -59667
12707 323279
-218779 -44695
-280065 313667
262366 -150126
348897 -347183
325067 -69112
216824 351243
424649 -383911
-400278 162604
-390852 177185
225749 189548
230892 -490644
-59298 381779
208739 90437
195136 -443917
-106879 342589
-73447 330918
237104 -191078
382806 470055
334003 -494967
8561 332618
257411 -26228
-222573 70490
130732 -426059
67445 -410336
-214834 31088
-117017 10141
-392725 49593
237803 299090
487447 413050
-158223 422235
-449345 325699
-51676 199649
-343144 -86558
311744 191466
-75867 373578
-437425 337282
-368320 -494754
425656 -333101
241722 -111475
-411343 440650
-392714 450753
7983 320687
240770 97746
324135 388236
-21516 75066
-24543 358511
-417322 442959
412929 255042
491576 312714
356146 276627
483499 308345
153246 8875
133256 280794
216472 75790
-350091 295157
364589 -339492
-298993 219489
-282196 126426
-258434 382684
-54036 -210619
290950 497891
-117555 347534
-341231 284599
355127 277559
-115176 192853
-177126 265099
-303474 -287177
407170 -404489
-128947 193426
301824 65678
-138142 207530
468249 -337151
-144793 225492
-313144 -45772
413339 -27228
197439 125440
-108721 -361807
-89290 -72015
-24804 412088
-25717 -55755
83781 425186
-382869 -402131
466592 -358318
302044 426752
233611 -101419
190431 277135
-171137 -196733
-300761 487893
425275 304437
-207052 135267
-34215 214974
-133734 -22079
-213232 -67443
475888 118565
-355096 269803
-212783 142489
267639 421046
-210817 -17432
-92424 -307698
470693 -144988
116508 -302291
-12495 -152499
-271133 256751
235831 341964
195440 173739
-395846 328951
182312 -323339
312102 -305484
478241 -287879
-64355 437183
-412237 -170280
461713 -255245
-345965 -268699
283039 -193961
-13803 350821
417361 -32440
246004 -70957
-76991 454380
229432 83735
-5859 -124932
-477637 11189
42302 33949
-417696 489342
128004 309983
130053 -468556
302981 494994
304346 286677
-358522 250612
222694 -229612
34108 24090
282719 -64072
-444254 331181
300439 362916
224209 195616
-15963 -434143
-193127 80124
-122066 -209888
437102 -465126
29084 308368
435216 -362851
466954 -458702
-401642 185706
440256 270683
495858 -169831
399781 -357796
144315 22943
180010 48708
122014 -260404
-36775 -327332
166349 24912
333642 357430
431130 -11426
427646 -103426
206769 -206308
4673 67852
170917 -5356
-375943 -275384
71092 106999
-270918 -384933
-125389 353972
384086 296945
99343 -141011
9866 319753
-284968 246366
444522 -422542
479468 487054
-18586 197764
-496506 66427
-216992 477421
-82711 -284175
-453389 -321516
71226 290130
380593 111087
278079 -384857
-50345 -234557
36011 478497
149440 246516
-82181 -100659
449310 -471547
153271 279237
344110 -368295
72439 437873
-326589 31214
240966 -283782
409983 -188346
463745 -59160
-88537 -257114
-347041 -32810
-235034 -359113
-429256 346554
-162014 93939
-297088 228545
349074 227995
-62267 -45058
430302 -205216
-163266 -33640
5842 314822
-281312 389970
324454 212411
-401930 36142
379303 -366590
-241583 -103824
161526 287485
-85013 300586
-27698 401491
191735 -183703
236954 165780
199694 -67678
302114 -296218
36112 118166
306949 -46665
-88007 183092
9936 -216239
-229910 -190039
228496 -231722
17353 321252
426518 -485672
-252478 387864
-48494 -301822
-429454 -469248
19461 359117
133106 308548
157274 -304455
201139 -147492
361220 43339
433716 -117456
343989 248349
331350 386979
-15572 78302
-9915 226626
-252381 370105
394917 -79728
281022 -396749
304678 -123836
-286969 -25457
-383181 -94022
393613 -351835
312948 -49446
-118537 384453
-283113 239927
283161 -146985
189075 236319
227690 -89320
272976 -397677
-191195 308868
-315531 169019
449022 -227021
-491101 188386
352762 76628
-273648 -407948
-261133 430482
144943 211920
199370 -159925
-476605 -158140
176719 -360916
-202057 -220647
-144916 452111
183098 -278038
-70133 -231134
-134672 464150
239247 -398045
278797 -368999
-194498 386736
145024 85271
-458 246755
17496 -186710
82745 -84343
308033 128947
-185134 330093
377527 -334808
-124748 -446564
117668 -256949
59412 -2152
-257278 -33518
-15361 379957
435230 -455745
-15151 -147139
-301373 446950
430306 227668
121660 308461
300759 49434
371613 -383493
-275922 -125404
-285376 -331260
280125 -270762
-384644 -255226
475047 65734
261485 -50252
-341763 -292803
122050 -431260
228720 -165538
349905 458767
-155791 353037
-18505 221446
-98052 -122582
-250609 -464630
194791 76448
-407643 17848
355902 -75941
173135 -76254
380178 479955
-1296 -171538
417350 -438964
254776 15262
412350 319406
377287 439723
-10793 404077
-443429 -441507
92863 -224940
53524 -454577
385615 -487993
-282012 370675
295435 291202
410709 464911
208895 390081
-135209 -482184
167010 103493
310734 449432
-179666 189343
292971 -360883
-26200 -302636
381002 -219883
403481 -136159
497840 -474079
-315771 26617
-243995 271663
-356350 176538
349179 -33375
335233 -432462
37827 -329477
-252878 131321
301045 -330541
-67382 -375590
-270983 404778
-189165 314528
190314 394166
-286457 -205873
305219 463373
96231 223317
197383 -172777
-159587 347537
-39842 231113
-377985 265474
-76012 59938
484399 -1628
-104170 8844
194934 -245075
-30348 261683
364996 -262583
-407275 474020
-31521 -75370
-72537 306616
291788 -292732
203570 68010
-471898 4957
-475168 386715
-141566 133799
-179809 -421886
292899 469858
150450 232444
-53033 175269
53527 54883
-119851 372023
-407192 96804
-310397 62331
311147 192442
145643 415545
-196546 -444094
96825 -410313
280433 236856
189629 -273160
-167105 392138
-90780 464105
198385 -252979
-450514 -420423
392177 -496433
-380141 -192196
-453204 -245599
204717 62729
211047 -157057
-377016 79644
174137 -202567
-259760 -134746
-475824 -486256
-391236 226942
-11010 -169942
63636 72939
303887 340558
-354568 -170070
143870 -425423
-344461 430528
115763 -128612
130756 -132799
307255 -196593
-88215 461016
423600 -328983
-344982 -305402
-370898 -185485
-195038 -151665
461165 -485083
119763 -130349
-341390 448739
74429 -446048
-350854 -100400
-29933 -215151
-238083 299855
471536 464297
-422718 -78521
-156879 -75528
-353921 453753
-403941 122579
-395701 246264
-365814 162641
-361954 407289
-116480 -153648
404749 -451433
38018 -48534
52493 -384376
341197 244354
362797 292278
-426542 111570
-449787 -366183
30301 374108
-158193 32527
-346262 9201
91655 -271180
-279167 422933
-25435 337037
-231644 -63240
233736 221520
-43300 101583
103116 -283092
-1183 -362636
-323142 -338688
-280567 -202495
179654 439315
108515 -468775
-148259 -468243
-404476 418148
-449808 293183
-249408 384096
-59052 114866
32335 -332810
117256 403032
-211052 485942
-331073 266620
-177357 -108053
-254610 -475629
385209 -221349
67020 -68569
143629 196070
-449993 -356350
468165 -482263
-52509 -371762
-224290 196526
-60644 480390
82239 -263051
370542 420369
74167 270890
-357688 -447493
-411114 493154
-426157 -405234
125406 -29770
46076 31964
423118 242293
-123210 259210
83251 392515
-120115 407000
79237 483115
-315811 -98661
389141 155925
448436 -496653
-347207 -109956
-486345 -237474
-257124 25410
-363109 -300307
-78358 -448533
235607 434857
434873 386276
-321975 379913
491250 -327907
-162714 104767
175358 -107702
-312785 -315644
228239 347161
-24993 -347080
413425 -142899
157846 -128724
-435500 -183929
404113 -199943
-399151 246635
331480 410841
2561 239402
97685 -227827
483055 467250
126148 337276
35636 -371781
389080 131869
-98959 455852
404373 -458793
-420235 -61910
-187902 497460
8814 155576
427915 280543
-39922 -29478
472817 476634
247074 -181839
85609 439785
-181704 -90400
171001 176974
-493256 97767
438414 136301
495788 245165
346499 -229617
180512 -89208
109977 -439289
-393914 227174
-197557 379318
-177379 -451959
-446032 -40880
-74349 -88757
39347 -47849
-355804 -265421
-89000 -91471
26399 -139170
-272802 328754
-253762 -322938
-366198 197831
457809 213576
-430682 369297
-120455 14210
82690 -328296
-444359 -400317
-324621 491297
47669 61177
-77895 -385124
468534 -159360
231803 432773
98130 -422784
232297 437008
-330605 254406
-6210 -331137
-237737 -136326
61947 -412226
172922 -354046
-101678 -446293
-187162 -185427
-44642 276105
46027 -387966
118261 -439897
36936 181514
-115679 -317530
-272539 444888
-236981 283201
-70075 -408776
-50243 -126586
12857 180066
193889 133703
-250500 493437
78517 186939
-104177 -462511
-37182 -9518
84672 174720
-425802 -13073
96133 158602
497956 454945
-393315 89231
247385 217517
-281467 179770
12148 -292321
63002 470283
-270468 -16637
-6140 -339169
76503 301460
18953 -9406
465336 73249
-412124 -56709
418146 -407053
113167 128637
-369206 -186713
85320 -156363
-204618 -107646
-123632 -402682
106459 146596
298282 -100360
163890 -11894
133346 -34686
423645 -237462
440408 162488
448929 26040
-57728 -201355
-322107 -488131
-370065 434524
-294095 120086
249638 -159995
-165181 -28516
145396 -286898
459945 -480076
-90915 323508
-178407 18057
174105 178164
212599 62137
155412 -11974
114193 64443
-466430 144343
481488 -414067
139350 -421301
41443 -73706
-43616 -257407
-334631 184054
266886 60754
303867 -197008
449899 -2302
327454 -232948
288347 -336888
167428 260836
481001 -227933
-69504 -100997
403690 -492926
-299189 -258646
123286 -441989
-18461 145417
-411365 161617
175459 69654
401390 76815
442463 -233532
-183251 -94120
190562 114451
-339554 -382223
-34357 434847
347953 349538
-32792 427802
264576 408095
420372 -383030
-487615 256716
274838 -293332
-13408 -9163
-452590 277001
78747 126344
254637 396083
-238692 -395349
149160 163919
296463 54343
495106 -81713
-275874 -398530
-348378 -118839
-451121 -31802
364733 375845
-347279 -112977
172347 -400517
29997 -228026
225751 -387807
146150 161462
-253756 -196700
324779 465162
-294596 283037
24110 217991
-21178 250159
-391666 -225917
-133253 55949
-248680 -89268
-76183 474934
-132883 397551
-96771 -405648
343980 27447
479371 -428093
20295 260987
294788 -225839
-333074 26901
480339 416573
384138 -295238
430052 -290924
-49116 397531
75552 -397559
317823 -233461
325665 94376
118059 -399435
-396808 338742
-66370 257224
-192394 116858
135547 -8090
-243178 -150879
394895 -197000
430028 84697
-167233 282050
248665 -315919
-282352 -72583
-141778 59894
-169934 103599
493436 -404626
359240 293170
-440078 264596
-235625 -289730
-339827 -271177
467710 8085
91284 459916
-73660 -58797
298967 -497148
-68220 931
-140832 52656
-292093 450377
219297 185839
-200172 487011
-224048 -218901
73684 106653
-250254 -407983
390229 -254838
-100954 53536
116622 -462912
469025 -451366
387333 275098
433161 271285
311011 352812
-28340 278507
268107 274174
428898 -379805
-72357 -452251
1084 141429
-153251 37705
288767 439923
-346808 481597
376102 88039
-359328 -133102
-281692 -103046
292856 -373255
-488999 -367534
-380093 -347206
143388 486261
-228463 11382
154711 296190
-196369 -59645
-442682 -223575
-42515 138145
10897 187013
378272 60866
-103153 -69300
384292 -274675
-221904 416617
39794 -220635
462573 -55335
-498722 -91123
236640 -446436
321573 -183086
122621 465936
386981 -55840
357329 -28598
115170 42495
447692 368217
-210638 262461
289059 -400460
-317617 -345008
-184316 -37054
-133073 -371928
181296 454876
-23285 200160
-165949 413683
-437922 159593
466040 375317
367484 -25239
82461 298764
-190824 -312514
237125 -260189
-136202 461312
-256602 254322
237229 -117705
-165523 102486
48478 1454
-213475 -236880
-163448 -206065
-161104 439597
-451957 -222232
-274824 -20423
76326 -468429
-430234 -8339
26380 206410
148113 -274778
121013 -122795
48204 480117
269416 129061
-492222 219839
189035 -100901
-63827 -28409
-69157 59012
-470877 -449297
91783 283647
35801 158892
-479815 17515
235832 -50345
-173961 47408
-274383 -362168
-450975 -31504
189804 481099
174843 -310496
-317326 -301606
-77309 -378035
122864 52720
223255 214225
323671 -449573
-448570 440951
-436399 245562
120179 422694
-124610 -34162
479696 -89400
449067 -110643
-382188 -219147
211677 297332
-408077 -181179
-434989 -9498
-138694 -226804
-333611 39470
378650 394902
258264 -332822
108766 93452
23890 136061
87355 470087
-323747 -464928
336062 -453317
-61624 -271558
100212 281212
-185860 61738
-477573 266545
447140 376456
196794 359124
-303298 -113786
397660 -283791
255432 -27466
492659 248764
33722 -340287
17997 -78600
-46928 24690
330323 21708
-329551 47706
487881 236604
-46117 56924
478700 -186471
144613 151703
4893 78887
-378395 -211093
207805 -410042
376394 319268
354440 105724
-381464 299553
-148844 -442895
-378441 497946
30819 148372
114633 -160381
413870 46341
391680 125143
-305762 -478375
-476311 320666
-46885 147248
245589 398624
412794 213826
-346124 343790
-51021 -133397
-257939 207024
-186297 64750
48646 9649
-300248 69890
-412300 401403
-97102 -60610
-366069 -146475
-146576 61000
442406 -252
-470148 275153
-483840 290987
-488036 302439
-309328 -357388
373715 22467
-21244 179363
-179634 -370229
283651 464954
44744 390879
382277 352115
-450987 464714
96033 470246
186998 -457427
-489743 23980
298743 21509
428500 -276062
-486787 -254432
196080 -422467
47007 -6825
335002 -245609
86730 194995
-492723 -476457
360469 491046
-406756 420459
171872 24479
-176398 85340
-358400 386094
-278285 147625
-376384 217029
-224352 421981
145107 29992
-465391 -155270
352627 -135894
455416 319246
146701 136237
172253 342749
419503 190218
106266 -199290
170152 326910
-403100 -340196
-196019 -375647
66353 -234034
-155099 95503
437909 186363
-150260 374008
450768 -93327
-415384 -472090
-134916 295353
136493 373570
-85975 -98873
479276 191162
311262 -386494
118011 100500
-341588 20056
90413 -356261
-409825 -116241
-336247 -87325
-188505 354150
392059 -109520
116762 -100293
-156638 -415663
-342955 -330518
360441 -229318
-193237 -132616
187798 -376174
48604 135801
353920 260170
90601 -303468
241669 -349839
-99068 118916
266287 -312028
486642 -201253
-373509 417507
-370988 -2639
-159448 -45420
283891 439849
498922 103223
394722 -294660
-27229 -324633
-167804 145163
50565 -344349
-32092 -240698
446210 496370
-173299 111662
-99848 111750
-311958 -290181
360434 -76706
-188242 -214701
-172411 75303
-155866 -430003
265794 396323
353011 -338051
-265718 -230131
313341 -106011
-289518 421255
-340812 309880
-366517 273278
245719 -490775
1828 -242028
-35283 -332807
62457 -390127
-470462 42003
370001 -373985
167822 201870
364508 -413904
153884 439367
-364589 211673
424049 -395715
198224 -138904
-383199 407385
440200 -29611
-304674 417134
-2600 -263685
-56719 74920
-456319 -139264
96648 -37803
88853 -231617
480975 239508
206927 273086
-339187 -350490
420538 -248102
-380465 176634
-241746 108622
219307 -249928
122584 -423282
456848 -364077
-374010 -313461
392792 -111011
-419589 -177753
-71982 115652
-223445 -152377
-300236 426613
448898 383946
20813 -482506
-60711 479278
366603 -242689
140105 438787
235929 251992
-453587 474369
170130 291172
-205937 -193377
-206443 276851
-267909 413404
-129360 122135
-27812 230344
111072 -288227
221284 258503
-439535 -126990
-465386 408707
-127016 -30142
6557 403309
-265773 -191666
111602 -304687
-467135 -233743
-463578 -425122
320268 114527
-54562 -390622
480406 -316634
-446514 246148
124121 -300668
-142020 416628
105270 -34488
-23615 163965
-43348 48894
172799 58130
336259 81359
-130049 -21472
-467471 9134
-106839 -395495
131010 305598
-103330 -5722
-241571 -149951
-51663 28892
-103453 -276578
-80413 -30306
-284093 -278047
11507 -496793
5230 412167
-217347 -198172
25745 -35322
366188 -371693
-474251 -327389
33883 309351
196029 29669
33557 302167
-62135 -56262
472257 -9294
423929 56694
-239811 413528
347894 -374398
22456 233448
102065 264198
-58397 4777
-192221 477274
201115 60618
496311 -129800
32799 92906
216408 -352904
-270353 -297551
-140952 -305799
118412 491356
277344 102099
-255373 -145110
366684 -490478
-292460 202945
89451 -101267
362838 -401558
315634 -391937
-458079 173028
-389892 -158702
-45100 326571
-154820 35119
-332442 330537
-215787 331962
-468911 -246055
475700 -221307
120484 -371755
-398201 223825
483126 372241
6686 491546
-324543 -296477
-383004 256733
-412072 -211137
391937 -314272
304479 -367153
315529 -485035
312455 260627
444302 98348
-368036 -188727
-306210 -265642
293184 75335
451306 -379231
-425145 -236121
-57212 -385497
303149 -486671
308137 105329
261960 -471882
-346713 385069
300636 -198550
-363186 372258
351016 284897
-259210 102336
-292750 -346524
-367309 300262
-216330 -436116
-463851 -309538
-355078 178889
-452572 461683
-47450 380223
417748 431432
-257872 -115824
106320 -289025
421568 -249026
-355191 -236983
-28622 -29920
29557 -285497
-347681 17011
483316 46591
23548 -46481
283098 -290194
177261 10960
463535 -24400
59446 -382222
-349095 -392541
368777 -134649
102448 353409
67466 372355
-102867 -301680
45083 -18806
130438 458527
364381 -316816
213957 -404253
-173799 234884
-159089 427470
14977 411751
468800 -192371
-467665 256224
79269 215944
33944 -348380
453807 -420625
257754 114484
-374043 478531
114785 239750
-324754 -220920
31092 -401706
296087 -280303
-55837 493403
-267361 493743
282799 325405
-96020 35144
131884 403760
-462272 -72476
-409169 -221471
-256912 231966
110038 305096
-143312 -154988
467058 151956
148556 41440
191166 -469955
-403646 364641
-365543 382995
366134 436604
89916 -15015
497580 -491091
380112 255202
-416609 143862
182356 -400327
191897 -292538
70379 -254737
-410547 100463
346385 -305111
170991 199045
-278696 181
354236 -205412
375517 327729
-261166 253401
339308 477118
-482950 456398
-487887 -397681
-402174 157360
313119 429300
295045 -441870
100788 334658
-433379 -15364
-386149 348025
164106 377179
-173842 -434368
469547 -275890
412526 -177316
-417882 -365971
122625 111626
-188194 364366
394572 -261883
-135094 -210806
-291701 -2734
-188352 -307242
-464285 -133774
-185668 409556
232292 191506
-139507 100308
275195 329574
24504 279721
-239516 -168916
-223855 241954
-322399 203475
72359 -4095
345358 300937
459336 -71685
-411758 417100
-213655 -78170
195802 -469250
-240887 -195732
-200885 345404
197723 166897
276142 92862
-192772 236180
95400 -17198
-431798 144809
99012 -200440
-321069 295926
128043 143146
334445 -10941
441857 -485233
-32839 108693
181919 139356
-182295 -109992
-187866 90278
44234 -467995
-64679 -339512
366117 -302066
67976 134645
312479 76219
344662 238258
285868 -465796
-414308 -231051
247378 239724
-304263 213918
-421398 -410625
393194 125368
-479970 -240669
-360176 312172
-25987 434405
23372 415475
-10461 34510
-319661 162228
-3195 427371
-334279 495526
280140 -365865
65645 -118312
139659 -202168
-445783 8589
222578 -104259
-417366 -414456
454276 -271212
-302457 -133890
66997 -471091
-447402 -50689
-82571 105436
-279488 -173232
-377820 -74830
-444273 403610
187285 -392675
190007 170561
-8751 12800
-272052 223319
239238 120501
124085 -321376
-67493 -351075
-306451 -194806
454818 -119349
-354124 -203337
-487398 -316946
367097 -218988
-58884 -888
-347988 -21139
-17051 16529
248170 261930
-347920 203070
305282 165542
189628 156243
146029 320438
-486737 418753
-31123 -16642
-260922 67847
-48978 216716
-88449 -186805
-334436 382007
-480668 -305527
-379948 -104570
478394 -13350
-383376 162562
-303730 461716
307810 -380328
-429693 -280789
104370 49816
-413177 -419031
-411088 -291325
-284083 -469325
322501 26742
-109462 -223771
462674 -499613
52106 52649
-420532 273559
-43527 -470780
-483809 -242342
220612 297500
-178790 -68714
-77585 32579
242600 478694
117654 -243618
-314301 -108620
453110 411137
228002 228447
222998 -228343
-189681 -472306
320805 167824
263513 426747
259640 466975
-390822 298397
192522 -36887
126145 358445
233609 171468
217982 129528
-141949 391996
496812 -431292
56215 -91536
-10932 331564
-151095 171660
-84587 378975
-79538 96696
95863 47414
-64601 225365
265785 447730
-349648 -432852
-323290 -287958
194092 -175721
244826 135632
-25619 -421983
-493686 263441
-79894 -87387
-119438 226191
-44073 -128192
-249166 -1366
-482270 -143655
-415394 464886
-16123 86385
-116610 204757
-399923 15490
-23604 237913
193269 14491
49399 -125637
497986 -398291
94370 -472759
-279202 -428636
-261031 -209015
366294 -431957
31387 460512
-408137 279518
273464 16994
44605 -25936
241642 -328975
264320 -188919
-444762 -463148
-126016 139647
-344684 210004
309673 414309
41031 -393741
457595 389044
-47763 -108587
-31892 -469224
-321418 -392324
240052 -129825
624 -261165
8783 -315270
480546 453623
-406609 -125775
100388 334459
446492 -397052
386743 -27968
-159473 -335565
-423735 28880
328044 -475279
377208 474124
-413431 -280200
487651 -339371
186281 -114095
173513 380890
-326945 31915
166031 -378792
440318 -24902
330815 224246
-46534 -159488
321224 346810
391387 -295839
-27473 -481479
-70057 219051
69380 -112122
135783 -91532
469854 -454840
-460920 -446864
-403741 269552
134093 491842
-78776 -397338
320997 108371
339370 -320222
-485101 337334
69627 -194845
255121 -32139
396805 -259682
128333 -304172
-52749 -358995
-63940 -126098
442990 117915
-322053 -66019
226309 227787
200628 -347697
-419507 385779
-273479 313113
-177277 5452
32875 -390434
41384 183560
-389152 -438744
-76684 -283621
26103 117759
-343535 407466
280908 272537
176235 79259
429398 -182584
-83968 -399926
-79113 219671
-299655 -349806
52336 173044
-493311 12095
-100178 86246
-324861 274809
55090 959
-443759 136535
-336321 -397401
-186520 177617
-159086 -24013
-147561 -310224
-149171 424255
453909 -128650
-120799 -469106
-458239 -299625
-294301 -179809
-249452 -89852
235611 304199
-419076 357326
-348939 -349524
-199796 -380529
-388409 -474148
-97430 -3501
-103657 475922
271014 -19893
-367561 282094
-178402 -386681
-19103 233777
293863 269126
343035 242982
228918 -371226
109450 -250127
-229493 29102
-140001 156639
246708 -286647
-321113 -199832
-380194 -109289
108356 -453659
-62400 -353518
-454031 -11659
-391137 49544
441348 192144
-263142 108386
-414860 345155
302605 -92238
308953 -358160
-387645 -340238
495335 -432204
-2768 440984
80427 -76380
-264783 -2328
13310 290218
-458397 -459603
-223242 -251291
271254 7470
281513 -189884
45720 114769
-342302 -153205
425705 -277175
-78372 -50690
-28378 -245296
374004 -376571
110503 408258
303494 -260493
