124 48
132 55
136 55
139 65
140 68
138 73
148 75
148 79
146 95
154 95
154 92
158 94
165 107
158 120
168 137
182 127
189 128
190 135
181 145
180 162
186 186
189 167
194 164
204 155
213 167
225 175
224 180
216 185
221 194
217 197
224 205
234 210
234 218
222 215
217 208
204 208
205 213
213 225
215 247
239 244
237 253
243 261
253 300
249 315
251 327
255 332
283 342
291 359
285 362
271 368
272 378
294 374
301 374
300 377
311 386
324 384
329 405
324 408
319 421
317 431
313 428
306 418
296 422
293 432
283 432
284 436
283 436
277 454
273 498
256 503
257 513
263 523
260 529
256 527
254 528
249 531
236 538
236 544
232 555
205 531
191 534
180 534
190 545
181 550
185 575
186 583
187 575
201 569
225 582
225 580
233 568
243 579
248 573
256 571
260 564
257 563
247 559
256 546
262 555
279 564
290 557
275 548
268 545
265 541
274 540
282 529
287 538
296 538
301 532
302 525
301 524
300 524
315 506
321 498
317 485
311 491
304 496
300 490
293 486
296 477
291 467
296 468
303 466
303 456
303 445
320 453
325 462
333 461
340 438
344 436
329 425
343 411
351 408
353 394
363 385
362 382
361 368
361 365
366 366
370 371
373 358
359 352
359 341
361 330
368 339
383 327
395 301
400 290
389 281
383 277
366 274
370 272
375 261
377 254
388 258
398 256
399 261
416 255
414 248
409 245
401 244
391 244
401 236
417 221
421 219
431 215
417 191
408 193
400 187
413 186
415 181
431 163
450 164
455 141
466 120
466 118
462 107
457 95
478 85
467 79
463 78
462 61
461 60
468 59
477 64
479 60
473 52
483 37
480 38
471 40
462 43
454 51
437 45
438 64
437 73
414 100
433 102
440 107
431 119
423 119
420 119
408 120
408 124
413 132
424 140
416 140
406 132
396 131
402 141
399 144
390 148
392 159
395 160
378 172
375 198
375 217
382 226
387 224
381 239
353 243
348 252
352 254
357 264
357 266
355 275
349 289
346 288
342 293
348 294
370 290
371 294
370 297
371 310
357 319
347 327
342 334
329 335
341 346
346 357
344 363
339 354
326 351
320 352
308 349
306 351
294 330
313 312
299 303
293 309
277 316
272 317
276 304
270 294
272 294
274 282
269 279
268 271
277 274
279 256
266 250
264 245
265 243
267 242
253 238
261 229
267 211
249 208
257 192
251 181
245 180
235 173
235 163
226 159
233 149
234 140
229 143
211 141
208 142
202 137
201 126
213 106
207 104
204 85
187 100
182 111
178 104
177 93
181 91
180 87
165 83
160 73
178 54
191 51
182 38
177 36
164 27
141 26
120 32
118 29
